
Resistance temp-continupus-scan only SMU only (+-)average

SMU-V(+)	SMU-V(-)	SMU-V(+-)/ABS	SMU-I(+)	SMU-I(-)	SMU-I(+-)/ABS	temp-ch1 (K)	EX. temp-ch1(K)	magnetic Field-ch1 (Oe)	2700-CH1(+)	2700-CH1(-)	2700-CH1(+-)	R(+-)-2700-CH1	N/A	N/A	N/A	DMM-2182-CH1(+)	DMM-2182-CH1(-)	DMM-2182-CH1(+-)/ABS	R(+-)-2182-CH1	temp-ch3 (K)	EX. temp-ch3(K)	magnetic Field-ch3 (Oe)	2700-CH3(+)	2700-CH3(-)	2700-CH3(+-)	R(+-)-2700-CH3	N/A	N/A	N/A	DMM-2182-CH4(+)	DMM-2182-CH4(-)	DMM-2182-CH4(+-)/ABS	R(+-)-2182-CH4	temp-ch5 (K)	EX. temp-ch5(K)	magnetic Field-ch5 (Oe)	DMM-CH5(+)	DMM-CH5(-)	DMM-CH5(+-)	R(+-)-CH5	temp-ch6 (K)	EX. temp-ch6(K)	magnetic Field-ch6 (Oe)	DMM-CH6(+)	DMM-CH6(-)	DMM-CH6(+-)	R(+-)-CH6	Time(sec)
7.698536E-4	-2.601147E-4	5.149842E-4	9.999619E-5	-1.000021E-4	9.999914E-5	1.694150E+0	0.000000E+0	6.600000E-2	1.430302E-4	-1.358829E-4	1.394565E-4	1.394577E+0				2.846669E-4	-2.736139E-4	2.791404E-4	2.791428E+0	1.715150E+0	0.000000E+0	6.600000E-2	3.175651E-4	-1.109478E-4	2.142564E-4	2.142583E+0				0.000000E+0	0.000000E+0	0.000000E+0	0.000000E+0				0.000000E+0	0.000000E+0	0.000000E+0	0.000000E+0				0.000000E+0	0.000000E+0	0.000000E+0	0.000000E+0	3.089848E+1	1.000160E+2	1.000160E+2
7.698536E-4	-2.597809E-4	5.148172E-4	9.999618E-5	-1.000021E-4	9.999914E-5	1.789750E+0	0.000000E+0	6.600000E-2	1.436708E-4	-1.363014E-4	1.399861E-4	1.399873E+0				2.835003E-4	-2.732315E-4	2.783659E-4	2.783683E+0	1.809700E+0	0.000000E+0	6.600000E-2	3.184182E-4	-1.101410E-4	2.142796E-4	2.142815E+0				0.000000E+0	0.000000E+0	0.000000E+0	0.000000E+0				0.000000E+0	0.000000E+0	0.000000E+0	0.000000E+0				0.000000E+0	0.000000E+0	0.000000E+0	0.000000E+0	5.946556E+1	1.000160E+2	1.000160E+2
7.762432E-4	-2.644539E-4	5.203485E-4	9.999619E-5	-1.000021E-4	9.999914E-5	1.885400E+0	0.000000E+0	6.600000E-2	1.458523E-4	-1.383398E-4	1.420961E-4	1.420973E+0				2.839383E-4	-2.737558E-4	2.788471E-4	2.788495E+0	1.907200E+0	0.000000E+0	6.600000E-2	3.173668E-4	-1.103096E-4	2.138382E-4	2.138400E+0				0.000000E+0	0.000000E+0	0.000000E+0	0.000000E+0				0.000000E+0	0.000000E+0	0.000000E+0	0.000000E+0				0.000000E+0	0.000000E+0	0.000000E+0	0.000000E+0	8.820050E+1	1.000160E+2	1.000160E+2
7.742882E-4	-2.626419E-4	5.184650E-4	9.999621E-5	-1.000022E-4	9.999920E-5	1.980400E+0	0.000000E+0	6.600000E-2	1.458218E-4	-1.376581E-4	1.417400E-4	1.417411E+0				2.825650E-4	-2.741652E-4	2.783651E-4	2.783673E+0	2.001600E+0	0.000000E+0	6.600000E-2	3.182740E-4	-1.102073E-4	2.142406E-4	2.142423E+0				0.000000E+0	0.000000E+0	0.000000E+0	0.000000E+0				0.000000E+0	0.000000E+0	0.000000E+0	0.000000E+0				0.000000E+0	0.000000E+0	0.000000E+0	0.000000E+0	1.167208E+2	1.000160E+2	1.000160E+2
7.797241E-4	-2.663612E-4	5.230427E-4	9.999622E-5	-1.000021E-4	9.999916E-5	2.078550E+0	0.000000E+0	6.600000E-2	1.467011E-4	-1.392432E-4	1.429721E-4	1.429733E+0				2.839195E-4	-2.732057E-4	2.785626E-4	2.785649E+0	2.097350E+0	0.000000E+0	6.600000E-2	3.179326E-4	-1.101292E-4	2.140309E-4	2.140327E+0				0.000000E+0	0.000000E+0	0.000000E+0	0.000000E+0				0.000000E+0	0.000000E+0	0.000000E+0	0.000000E+0				0.000000E+0	0.000000E+0	0.000000E+0	0.000000E+0	1.455635E+2	1.000160E+2	1.000160E+2
7.786751E-4	-2.668381E-4	5.227566E-4	9.999624E-5	-1.000021E-4	9.999917E-5	2.172800E+0	0.000000E+0	6.600000E-2	1.456778E-4	-1.414814E-4	1.435796E-4	1.435808E+0				2.832875E-4	-2.739806E-4	2.786341E-4	2.786364E+0	2.192350E+0	0.000000E+0	6.600000E-2	3.186006E-4	-1.097846E-4	2.141926E-4	2.141944E+0				0.000000E+0	0.000000E+0	0.000000E+0	0.000000E+0				0.000000E+0	0.000000E+0	0.000000E+0	0.000000E+0				0.000000E+0	0.000000E+0	0.000000E+0	0.000000E+0	1.739779E+2	1.000160E+2	1.000160E+2
7.763862E-4	-2.643108E-4	5.203485E-4	9.999622E-5	-1.000022E-4	9.999921E-5	2.268150E+0	0.000000E+0	6.600000E-2	1.480229E-4	-1.433819E-4	1.457024E-4	1.457036E+0				2.828264E-4	-2.732652E-4	2.780458E-4	2.780480E+0	2.287200E+0	0.000000E+0	6.600000E-2	3.171329E-4	-1.100112E-4	2.135721E-4	2.135738E+0				0.000000E+0	0.000000E+0	0.000000E+0	0.000000E+0				0.000000E+0	0.000000E+0	0.000000E+0	0.000000E+0				0.000000E+0	0.000000E+0	0.000000E+0	0.000000E+0	2.024722E+2	1.000160E+2	1.000160E+2
7.826805E-4	-2.727032E-4	5.276919E-4	9.999618E-5	-1.000022E-4	9.999919E-5	2.363450E+0	0.000000E+0	6.600000E-2	1.503687E-4	-1.455126E-4	1.479407E-4	1.479419E+0				2.837296E-4	-2.733177E-4	2.785236E-4	2.785259E+0	2.383750E+0	0.000000E+0	6.600000E-2	3.173672E-4	-1.093588E-4	2.133630E-4	2.133647E+0				0.000000E+0	0.000000E+0	0.000000E+0	0.000000E+0				0.000000E+0	0.000000E+0	0.000000E+0	0.000000E+0				0.000000E+0	0.000000E+0	0.000000E+0	0.000000E+0	2.311982E+2	1.000160E+2	1.000160E+2
7.873535E-4	-2.773285E-4	5.323410E-4	9.999624E-5	-1.000022E-4	9.999922E-5	2.457950E+0	0.000000E+0	6.600000E-2	1.528076E-4	-1.498862E-4	1.513469E-4	1.513481E+0				2.832283E-4	-2.739109E-4	2.785696E-4	2.785718E+0	2.478550E+0	0.000000E+0	6.600000E-2	3.176188E-4	-1.116908E-4	2.146548E-4	2.146564E+0				0.000000E+0	0.000000E+0	0.000000E+0	0.000000E+0				0.000000E+0	0.000000E+0	0.000000E+0	0.000000E+0				0.000000E+0	0.000000E+0	0.000000E+0	0.000000E+0	2.596840E+2	1.000160E+2	1.000160E+2
7.869244E-4	-2.760410E-4	5.314827E-4	9.999622E-5	-1.000021E-4	9.999916E-5	2.553300E+0	0.000000E+0	6.600000E-2	1.563646E-4	-1.561656E-4	1.562651E-4	1.562664E+0				2.839981E-4	-2.732224E-4	2.786103E-4	2.786126E+0	2.572800E+0	0.000000E+0	6.600000E-2	3.175869E-4	-1.107871E-4	2.141870E-4	2.141888E+0				0.000000E+0	0.000000E+0	0.000000E+0	0.000000E+0				0.000000E+0	0.000000E+0	0.000000E+0	0.000000E+0				0.000000E+0	0.000000E+0	0.000000E+0	0.000000E+0	2.880904E+2	1.000160E+2	1.000160E+2
7.906437E-4	-2.771854E-4	5.339145E-4	9.999624E-5	-1.000022E-4	9.999922E-5	2.647700E+0	0.000000E+0	6.600000E-2	1.579496E-4	-1.578395E-4	1.578946E-4	1.578958E+0				2.826908E-4	-2.737484E-4	2.782196E-4	2.782218E+0	2.668200E+0	0.000000E+0	6.600000E-2	3.180181E-4	-1.100940E-4	2.140561E-4	2.140577E+0				0.000000E+0	0.000000E+0	0.000000E+0	0.000000E+0				0.000000E+0	0.000000E+0	0.000000E+0	0.000000E+0				0.000000E+0	0.000000E+0	0.000000E+0	0.000000E+0	3.166868E+2	1.000160E+2	1.000160E+2
7.908821E-4	-2.774716E-4	5.341768E-4	9.999625E-5	-1.000022E-4	9.999922E-5	2.743400E+0	0.000000E+0	6.600000E-2	1.591337E-4	-1.591844E-4	1.591590E-4	1.591603E+0				2.831897E-4	-2.738036E-4	2.784967E-4	2.784988E+0	2.762150E+0	0.000000E+0	6.600000E-2	3.176236E-4	-1.114053E-4	2.145145E-4	2.145161E+0				0.000000E+0	0.000000E+0	0.000000E+0	0.000000E+0				0.000000E+0	0.000000E+0	0.000000E+0	0.000000E+0				0.000000E+0	0.000000E+0	0.000000E+0	0.000000E+0	3.451640E+2	1.000160E+2	1.000160E+2
7.891178E-4	-2.776146E-4	5.333662E-4	9.999626E-5	-1.000022E-4	9.999923E-5	2.836500E+0	0.000000E+0	6.600000E-2	1.616601E-4	-1.616935E-4	1.616768E-4	1.616780E+0				2.834945E-4	-2.746271E-4	2.790608E-4	2.790630E+0	2.858100E+0	0.000000E+0	6.600000E-2	3.178435E-4	-1.106388E-4	2.142411E-4	2.142428E+0				0.000000E+0	0.000000E+0	0.000000E+0	0.000000E+0				0.000000E+0	0.000000E+0	0.000000E+0	0.000000E+0				0.000000E+0	0.000000E+0	0.000000E+0	0.000000E+0	3.737298E+2	1.000160E+2	1.000160E+2
7.866860E-4	-2.715588E-4	5.291224E-4	9.999627E-5	-1.000022E-4	9.999923E-5	2.932100E+0	0.000000E+0	6.600000E-2	1.570697E-4	-1.550537E-4	1.560617E-4	1.560629E+0				2.829877E-4	-2.748163E-4	2.789020E-4	2.789041E+0	2.951750E+0	0.000000E+0	6.600000E-2	3.183880E-4	-1.108594E-4	2.146237E-4	2.146254E+0				0.000000E+0	0.000000E+0	0.000000E+0	0.000000E+0				0.000000E+0	0.000000E+0	0.000000E+0	0.000000E+0				0.000000E+0	0.000000E+0	0.000000E+0	0.000000E+0	4.021402E+2	1.000160E+2	1.000160E+2
7.891655E-4	-2.738953E-4	5.315304E-4	9.999626E-5	-1.000022E-4	9.999923E-5	3.030300E+0	0.000000E+0	6.600000E-2	1.636155E-4	-1.605407E-4	1.620781E-4	1.620793E+0				2.830258E-4	-2.738493E-4	2.784376E-4	2.784397E+0	3.050200E+0	0.000000E+0	6.600000E-2	3.178197E-4	-1.097963E-4	2.138080E-4	2.138096E+0				0.000000E+0	0.000000E+0	0.000000E+0	0.000000E+0				0.000000E+0	0.000000E+0	0.000000E+0	0.000000E+0				0.000000E+0	0.000000E+0	0.000000E+0	0.000000E+0	4.314678E+2	1.000160E+2	1.000160E+2
7.992744E-4	-2.853870E-4	5.423307E-4	9.999626E-5	-1.000021E-4	9.999918E-5	3.127200E+0	0.000000E+0	6.600000E-2	1.735836E-4	-1.705810E-4	1.720823E-4	1.720837E+0				2.828137E-4	-2.747980E-4	2.788058E-4	2.788081E+0	3.147200E+0	0.000000E+0	6.600000E-2	3.184696E-4	-1.105816E-4	2.145256E-4	2.145274E+0				0.000000E+0	0.000000E+0	0.000000E+0	0.000000E+0				0.000000E+0	0.000000E+0	0.000000E+0	0.000000E+0				0.000000E+0	0.000000E+0	0.000000E+0	0.000000E+0	4.600889E+2	1.000160E+2	1.000160E+2
8.115768E-4	-2.975464E-4	5.545616E-4	9.999626E-5	-1.000021E-4	9.999918E-5	3.219700E+0	0.000000E+0	6.600000E-2	1.934985E-4	-1.891090E-4	1.913038E-4	1.913053E+0				2.826251E-4	-2.744716E-4	2.785484E-4	2.785507E+0	3.240500E+0	0.000000E+0	6.600000E-2	3.184763E-4	-1.097901E-4	2.141332E-4	2.141349E+0				0.000000E+0	0.000000E+0	0.000000E+0	0.000000E+0				0.000000E+0	0.000000E+0	0.000000E+0	0.000000E+0				0.000000E+0	0.000000E+0	0.000000E+0	0.000000E+0	4.885023E+2	1.000160E+2	1.000160E+2
8.540630E-4	-3.402710E-4	5.971670E-4	9.999623E-5	-1.000022E-4	9.999921E-5	3.316200E+0	0.000000E+0	6.600000E-2	2.421456E-4	-2.359496E-4	2.390476E-4	2.390495E+0				2.846791E-4	-2.739444E-4	2.793117E-4	2.793139E+0	3.336700E+0	0.000000E+0	6.600000E-2	3.178614E-4	-1.114939E-4	2.146776E-4	2.146793E+0				0.000000E+0	0.000000E+0	0.000000E+0	0.000000E+0				0.000000E+0	0.000000E+0	0.000000E+0	0.000000E+0				0.000000E+0	0.000000E+0	0.000000E+0	0.000000E+0	5.172214E+2	1.000160E+2	1.000160E+2
9.608269E-4	-4.429817E-4	7.019043E-4	9.999625E-5	-1.000022E-4	9.999922E-5	3.412950E+0	0.000000E+0	6.600000E-2	3.514831E-4	-3.466173E-4	3.490502E-4	3.490529E+0				2.841366E-4	-2.741654E-4	2.791510E-4	2.791532E+0	3.430350E+0	0.000000E+0	6.600000E-2	3.188842E-4	-1.117088E-4	2.152965E-4	2.152982E+0				0.000000E+0	0.000000E+0	0.000000E+0	0.000000E+0				0.000000E+0	0.000000E+0	0.000000E+0	0.000000E+0				0.000000E+0	0.000000E+0	0.000000E+0	0.000000E+0	5.457046E+2	1.000160E+2	1.000160E+2
1.143217E-3	-6.309032E-4	8.870601E-4	9.999625E-5	-1.000022E-4	9.999922E-5	3.507450E+0	0.000000E+0	6.600000E-2	5.184120E-4	-5.181391E-4	5.182755E-4	5.182796E+0				2.835154E-4	-2.742025E-4	2.788589E-4	2.788611E+0	3.527250E+0	0.000000E+0	6.600000E-2	3.190699E-4	-1.122766E-4	2.156733E-4	2.156749E+0				0.000000E+0	0.000000E+0	0.000000E+0	0.000000E+0				0.000000E+0	0.000000E+0	0.000000E+0	0.000000E+0				0.000000E+0	0.000000E+0	0.000000E+0	0.000000E+0	5.745017E+2	1.000160E+2	1.000160E+2
