
Resistance temp-continupus-scan only SMU only (+-)average

SMU-V(+)	SMU-V(-)	SMU-V(+-)/ABS	SMU-I(+)	SMU-I(-)	SMU-I(+-)/ABS	temp-ch1 (K)	EX. temp-ch1(K)	magnetic Field-ch1 (Oe)	2700-CH1(+)	2700-CH1(-)	2700-CH1(+-)	R(+-)-2700-CH1	N/A	N/A	N/A	DMM-2182-CH1(+)	DMM-2182-CH1(-)	DMM-2182-CH1(+-)/ABS	R(+-)-2182-CH1	temp-ch3 (K)	EX. temp-ch3(K)	magnetic Field-ch3 (Oe)	2700-CH3(+)	2700-CH3(-)	2700-CH3(+-)	R(+-)-2700-CH3	N/A	N/A	N/A	DMM-2182-CH4(+)	DMM-2182-CH4(-)	DMM-2182-CH4(+-)/ABS	R(+-)-2182-CH4	temp-ch5 (K)	EX. temp-ch5(K)	magnetic Field-ch5 (Oe)	DMM-CH5(+)	DMM-CH5(-)	DMM-CH5(+-)	R(+-)-CH5	temp-ch6 (K)	EX. temp-ch6(K)	magnetic Field-ch6 (Oe)	DMM-CH6(+)	DMM-CH6(-)	DMM-CH6(+-)	R(+-)-CH6	Time(sec)
9.405660E-3	-8.902168E-3	9.153914E-3	9.999626E-5	-1.000022E-4	9.999923E-5	1.079290E+1	0.000000E+0	-1.140000E-1	8.724999E-3	-8.724164E-3	8.724582E-3	8.724649E+1				1.548111E-3	-1.538585E-3	1.543348E-3	1.543360E+1	1.299465E+1	0.000000E+0	-1.140000E-1	3.288234E-4	-1.187070E-4	2.237652E-4	2.237670E+0				0.000000E+0	0.000000E+0	0.000000E+0	0.000000E+0				0.000000E+0	0.000000E+0	0.000000E+0	0.000000E+0				0.000000E+0	0.000000E+0	0.000000E+0	0.000000E+0	1.442306E+2	1.000160E+2	1.000160E+2
9.494925E-3	-9.005308E-3	9.250116E-3	9.999629E-5	-1.000021E-4	9.999920E-5	2.036840E+1	0.000000E+0	-1.140000E-1	8.821469E-3	-8.833733E-3	8.827601E-3	8.827672E+1				1.555353E-3	-1.545121E-3	1.550237E-3	1.550250E+1	2.240025E+1	0.000000E+0	-1.140000E-1	3.296724E-4	-1.185890E-4	2.241307E-4	2.241325E+0				0.000000E+0	0.000000E+0	0.000000E+0	0.000000E+0				0.000000E+0	0.000000E+0	0.000000E+0	0.000000E+0				0.000000E+0	0.000000E+0	0.000000E+0	0.000000E+0	1.730153E+2	1.000160E+2	1.000160E+2
9.686279E-3	-9.201288E-3	9.443784E-3	9.999629E-5	-1.000022E-4	9.999924E-5	2.975200E+1	0.000000E+0	-1.140000E-1	9.017048E-3	-9.033613E-3	9.025330E-3	9.025398E+1				1.572088E-3	-1.564306E-3	1.568197E-3	1.568209E+1	3.174825E+1	0.000000E+0	-1.140000E-1	3.304968E-4	-1.204414E-4	2.254691E-4	2.254708E+0				0.000000E+0	0.000000E+0	0.000000E+0	0.000000E+0				0.000000E+0	0.000000E+0	0.000000E+0	0.000000E+0				0.000000E+0	0.000000E+0	0.000000E+0	0.000000E+0	2.014373E+2	1.000160E+2	1.000160E+2
9.979296E-3	-9.508992E-3	9.744144E-3	9.999626E-5	-1.000022E-4	9.999923E-5	3.934230E+1	0.000000E+0	-1.140000E-1	9.318571E-3	-9.358054E-3	9.338312E-3	9.338384E+1				1.607887E-3	-1.601798E-3	1.604843E-3	1.604855E+1	4.137645E+1	0.000000E+0	-1.140000E-1	3.301589E-4	-1.216729E-4	2.259159E-4	2.259176E+0				0.000000E+0	0.000000E+0	0.000000E+0	0.000000E+0				0.000000E+0	0.000000E+0	0.000000E+0	0.000000E+0				0.000000E+0	0.000000E+0	0.000000E+0	0.000000E+0	2.300303E+2	1.000160E+2	1.000160E+2
1.083727E-2	-1.122308E-2	1.103017E-2	9.999627E-5	-1.000022E-4	9.999923E-5	4.903110E+1	0.000000E+0	-1.140000E-1	1.103730E-2	-1.107596E-2	1.105663E-2	1.105671E+2				1.664883E-3	-1.660808E-3	1.662846E-3	1.662858E+1	5.113590E+1	0.000000E+0	-1.140000E-1	3.294540E-4	-1.251584E-4	2.273062E-4	2.273079E+0				0.000000E+0	0.000000E+0	0.000000E+0	0.000000E+0				0.000000E+0	0.000000E+0	0.000000E+0	0.000000E+0				0.000000E+0	0.000000E+0	0.000000E+0	0.000000E+0	2.589971E+2	1.000160E+2	1.000160E+2
3.065290E-2	-3.302517E-2	3.183904E-2	9.999629E-5	-1.000022E-4	9.999924E-5	5.852945E+1	0.000000E+0	-1.140000E-1	3.177943E-2	-3.735613E-2	3.456778E-2	3.456804E+2				1.736430E-3	-1.733879E-3	1.735155E-3	1.735168E+1	6.050895E+1	0.000000E+0	-1.140000E-1	3.276681E-4	-1.270769E-4	2.273725E-4	2.273742E+0				0.000000E+0	0.000000E+0	0.000000E+0	0.000000E+0				0.000000E+0	0.000000E+0	0.000000E+0	0.000000E+0				0.000000E+0	0.000000E+0	0.000000E+0	0.000000E+0	2.873057E+2	1.000160E+2	1.000160E+2
1.350055E-2	-1.325927E-2	1.337991E-2	9.999628E-5	-1.000022E-4	9.999924E-5	6.821550E+1	0.000000E+0	-1.140000E-1	1.297710E-2	-1.328023E-2	1.312867E-2	1.312877E+2				1.840204E-3	-1.839986E-3	1.840095E-3	1.840109E+1	7.028790E+1	0.000000E+0	-1.140000E-1	3.262753E-4	-1.315907E-4	2.289330E-4	2.289348E+0				0.000000E+0	0.000000E+0	0.000000E+0	0.000000E+0				0.000000E+0	0.000000E+0	0.000000E+0	0.000000E+0				0.000000E+0	0.000000E+0	0.000000E+0	0.000000E+0	3.165236E+2	1.000160E+2	1.000160E+2
1.168375E-2	-1.120844E-2	1.144609E-2	9.999625E-5	-1.000022E-4	9.999922E-5	7.786445E+1	0.000000E+0	-1.140000E-1	1.102805E-2	-1.106434E-2	1.104620E-2	1.104628E+2				1.951649E-3	-1.951705E-3	1.951677E-3	1.951692E+1	7.991540E+1	0.000000E+0	-1.140000E-1	3.262284E-4	-1.369339E-4	2.315811E-4	2.315829E+0				0.000000E+0	0.000000E+0	0.000000E+0	0.000000E+0				0.000000E+0	0.000000E+0	0.000000E+0	0.000000E+0				0.000000E+0	0.000000E+0	0.000000E+0	0.000000E+0	3.454041E+2	1.000160E+2	1.000160E+2
2.020631E-2	-9.327397E-2	5.674014E-2	9.999626E-5	-1.000022E-4	9.999923E-5	8.739100E+1	0.000000E+0	-1.140000E-1	4.001749E-2	-2.103163E-1	1.251669E-1	1.251678E+3				2.080457E-3	-2.082560E-3	2.081508E-3	2.081524E+1	8.945070E+1	0.000000E+0	-1.140000E-1	3.236030E-4	-1.406747E-4	2.321389E-4	2.321407E+0				0.000000E+0	0.000000E+0	0.000000E+0	0.000000E+0				0.000000E+0	0.000000E+0	0.000000E+0	0.000000E+0				0.000000E+0	0.000000E+0	0.000000E+0	0.000000E+0	3.742023E+2	1.000160E+2	1.000160E+2
1.475320E-2	-1.478844E-2	1.477082E-2	9.999626E-5	-1.000022E-4	9.999923E-5	9.697690E+1	0.000000E+0	-1.140000E-1	1.436593E-2	-1.548209E-2	1.492401E-2	1.492412E+2				2.226073E-3	-2.232646E-3	2.229359E-3	2.229377E+1	9.901510E+1	0.000000E+0	-1.140000E-1	3.220899E-4	-1.483381E-4	2.352140E-4	2.352158E+0				0.000000E+0	0.000000E+0	0.000000E+0	0.000000E+0				0.000000E+0	0.000000E+0	0.000000E+0	0.000000E+0				0.000000E+0	0.000000E+0	0.000000E+0	0.000000E+0	4.027426E+2	1.000160E+2	1.000160E+2
6.914048E-2	-3.632651E-2	5.273350E-2	9.999626E-5	-1.000022E-4	9.999923E-5	1.058277E+2	0.000000E+0	-1.140000E-1	3.886265E-2	-3.380883E-2	3.633574E-2	3.633602E+2				2.383558E-3	-2.390554E-3	2.387056E-3	2.387074E+1	1.075401E+2	0.000000E+0	-1.140000E-1	3.191351E-4	-1.537258E-4	2.364304E-4	2.364323E+0				0.000000E+0	0.000000E+0	0.000000E+0	0.000000E+0				0.000000E+0	0.000000E+0	0.000000E+0	0.000000E+0				0.000000E+0	0.000000E+0	0.000000E+0	0.000000E+0	4.315167E+2	1.000160E+2	1.000160E+2
1.549969E-2	-1.524587E-2	1.537278E-2	9.999628E-5	-1.000022E-4	9.999924E-5	1.139075E+2	0.000000E+0	-1.140000E-1	1.490281E-2	-1.577129E-2	1.533705E-2	1.533716E+2				2.548069E-3	-2.555794E-3	2.551932E-3	2.551951E+1	1.155323E+2	0.000000E+0	-1.140000E-1	3.190033E-4	-1.599836E-4	2.394934E-4	2.394953E+0				0.000000E+0	0.000000E+0	0.000000E+0	0.000000E+0				0.000000E+0	0.000000E+0	0.000000E+0	0.000000E+0				0.000000E+0	0.000000E+0	0.000000E+0	0.000000E+0	4.604905E+2	1.000160E+2	1.000160E+2
1.414318E-2	-1.367068E-2	1.390693E-2	9.999624E-5	-1.000022E-4	9.999922E-5	1.214469E+2	0.000000E+0	-1.140000E-1	1.348700E-2	-1.352495E-2	1.350598E-2	1.350608E+2				2.712009E-3	-2.721442E-3	2.716726E-3	2.716747E+1	1.229613E+2	0.000000E+0	-1.140000E-1	3.172292E-4	-1.645972E-4	2.409132E-4	2.409151E+0				0.000000E+0	0.000000E+0	0.000000E+0	0.000000E+0				0.000000E+0	0.000000E+0	0.000000E+0	0.000000E+0				0.000000E+0	0.000000E+0	0.000000E+0	0.000000E+0	4.895047E+2	1.000160E+2	1.000160E+2
1.498289E-2	-1.477618E-2	1.487953E-2	9.999626E-5	-1.000022E-4	9.999923E-5	1.284826E+2	0.000000E+0	-1.140000E-1	1.449265E-2	-1.475606E-2	1.462436E-2	1.462447E+2				2.871134E-3	-2.878690E-3	2.874912E-3	2.874934E+1	1.299056E+2	0.000000E+0	-1.140000E-1	3.165099E-4	-1.684482E-4	2.424791E-4	2.424809E+0				0.000000E+0	0.000000E+0	0.000000E+0	0.000000E+0				0.000000E+0	0.000000E+0	0.000000E+0	0.000000E+0				0.000000E+0	0.000000E+0	0.000000E+0	0.000000E+0	5.178095E+2	1.000160E+2	1.000160E+2
1.547289E-2	-1.495352E-2	1.521321E-2	9.999624E-5	-1.000021E-4	9.999917E-5	1.350881E+2	0.000000E+0	-1.140000E-1	1.478702E-2	-1.478382E-2	1.478542E-2	1.478554E+2				3.026813E-3	-3.035129E-3	3.030971E-3	3.030996E+1	1.365078E+2	0.000000E+0	-1.140000E-1	3.153977E-4	-1.736174E-4	2.445076E-4	2.445096E+0				0.000000E+0	0.000000E+0	0.000000E+0	0.000000E+0				0.000000E+0	0.000000E+0	0.000000E+0	0.000000E+0				0.000000E+0	0.000000E+0	0.000000E+0	0.000000E+0	5.462549E+2	1.000160E+2	1.000160E+2
1.575623E-2	-1.528230E-2	1.551927E-2	9.999625E-5	-1.000022E-4	9.999922E-5	1.416675E+2	0.000000E+0	-1.140000E-1	1.509909E-2	-1.514388E-2	1.512148E-2	1.512160E+2				3.180797E-3	-3.189446E-3	3.185121E-3	3.185146E+1	1.430002E+2	0.000000E+0	-1.140000E-1	3.151493E-4	-1.771628E-4	2.461561E-4	2.461580E+0				0.000000E+0	0.000000E+0	0.000000E+0	0.000000E+0				0.000000E+0	0.000000E+0	0.000000E+0	0.000000E+0				0.000000E+0	0.000000E+0	0.000000E+0	0.000000E+0	5.750505E+2	1.000160E+2	1.000160E+2
1.754394E-2	-1.808925E-2	1.781660E-2	9.999624E-5	-1.000022E-4	9.999922E-5	1.478633E+2	0.000000E+0	-1.140000E-1	1.741821E-2	-1.903312E-2	1.822567E-2	1.822581E+2				3.330237E-3	-3.339108E-3	3.334672E-3	3.334698E+1	1.492310E+2	0.000000E+0	-1.140000E-1	3.138308E-4	-1.809664E-4	2.473986E-4	2.474005E+0				0.000000E+0	0.000000E+0	0.000000E+0	0.000000E+0				0.000000E+0	0.000000E+0	0.000000E+0	0.000000E+0				0.000000E+0	0.000000E+0	0.000000E+0	0.000000E+0	6.035943E+2	1.000160E+2	1.000160E+2
1.812763E-2	-1.772060E-2	1.792411E-2	9.999627E-5	-1.000022E-4	9.999923E-5	1.541032E+2	0.000000E+0	-1.140000E-1	1.750781E-2	-1.766047E-2	1.758414E-2	1.758427E+2				3.477955E-3	-3.486856E-3	3.482405E-3	3.482432E+1	1.554438E+2	0.000000E+0	-1.140000E-1	3.140703E-4	-1.851444E-4	2.496073E-4	2.496093E+0				0.000000E+0	0.000000E+0	0.000000E+0	0.000000E+0				0.000000E+0	0.000000E+0	0.000000E+0	0.000000E+0				0.000000E+0	0.000000E+0	0.000000E+0	0.000000E+0	6.328043E+2	1.000160E+2	1.000160E+2
2.134404E-2	-2.082806E-2	2.108605E-2	9.999625E-5	-1.000022E-4	9.999922E-5	1.601982E+2	0.000000E+0	-1.140000E-1	2.056632E-2	-2.094522E-2	2.075577E-2	2.075593E+2				3.621904E-3	-3.630481E-3	3.626192E-3	3.626220E+1	1.614725E+2	0.000000E+0	-1.140000E-1	3.133026E-4	-1.890039E-4	2.511533E-4	2.511552E+0				0.000000E+0	0.000000E+0	0.000000E+0	0.000000E+0				0.000000E+0	0.000000E+0	0.000000E+0	0.000000E+0				0.000000E+0	0.000000E+0	0.000000E+0	0.000000E+0	6.613273E+2	1.000160E+2	1.000160E+2
1.782880E-2	-1.731906E-2	1.757393E-2	9.999626E-5	-1.000022E-4	9.999923E-5	1.661784E+2	0.000000E+0	-1.140000E-1	1.714933E-2	-1.715345E-2	1.715139E-2	1.715152E+2				3.763333E-3	-3.773017E-3	3.768175E-3	3.768204E+1	1.674863E+2	0.000000E+0	-1.140000E-1	3.119540E-4	-1.935423E-4	2.527482E-4	2.527501E+0				0.000000E+0	0.000000E+0	0.000000E+0	0.000000E+0				0.000000E+0	0.000000E+0	0.000000E+0	0.000000E+0				0.000000E+0	0.000000E+0	0.000000E+0	0.000000E+0	6.903920E+2	1.000160E+2	1.000160E+2
1.854138E-2	-1.820264E-2	1.837201E-2	9.999623E-5	-1.000021E-4	9.999916E-5	1.719871E+2	0.000000E+0	-1.140000E-1	1.796561E-2	-1.818376E-2	1.807469E-2	1.807484E+2				3.901828E-3	-3.909875E-3	3.905851E-3	3.905884E+1	1.731874E+2	0.000000E+0	-1.140000E-1	3.117628E-4	-1.982206E-4	2.549917E-4	2.549938E+0				0.000000E+0	0.000000E+0	0.000000E+0	0.000000E+0				0.000000E+0	0.000000E+0	0.000000E+0	0.000000E+0				0.000000E+0	0.000000E+0	0.000000E+0	0.000000E+0	7.189736E+2	1.000160E+2	1.000160E+2
1.941285E-2	-1.908216E-2	1.924750E-2	9.999627E-5	-1.000022E-4	9.999923E-5	1.777130E+2	0.000000E+0	-1.140000E-1	1.882423E-2	-1.907026E-2	1.894724E-2	1.894739E+2				4.037335E-3	-4.046262E-3	4.041798E-3	4.041829E+1	1.788653E+2	0.000000E+0	-1.140000E-1	3.101956E-4	-2.016759E-4	2.559357E-4	2.559377E+0				0.000000E+0	0.000000E+0	0.000000E+0	0.000000E+0				0.000000E+0	0.000000E+0	0.000000E+0	0.000000E+0				0.000000E+0	0.000000E+0	0.000000E+0	0.000000E+0	7.477646E+2	1.000160E+2	1.000160E+2
3.399582E-2	-3.542204E-2	3.470893E-2	9.999623E-5	-1.000021E-4	9.999916E-5	1.832876E+2	0.000000E+0	-1.140000E-1	3.416999E-2	-3.718747E-2	3.567873E-2	3.567903E+2				4.169773E-3	-4.178137E-3	4.173955E-3	4.173990E+1	1.844452E+2	0.000000E+0	-1.140000E-1	3.095813E-4	-2.058052E-4	2.576933E-4	2.576954E+0				0.000000E+0	0.000000E+0	0.000000E+0	0.000000E+0				0.000000E+0	0.000000E+0	0.000000E+0	0.000000E+0				0.000000E+0	0.000000E+0	0.000000E+0	0.000000E+0	7.762392E+2	1.000160E+2	1.000160E+2
2.497258E-2	-2.429180E-2	2.463219E-2	9.999630E-5	-1.000022E-4	9.999925E-5	1.888127E+2	0.000000E+0	-1.140000E-1	2.402245E-2	-2.368851E-2	2.385548E-2	2.385566E+2				4.299675E-3	-4.308402E-3	4.304039E-3	4.304071E+1	1.899796E+2	0.000000E+0	-1.140000E-1	3.092564E-4	-2.100428E-4	2.596496E-4	2.596516E+0				0.000000E+0	0.000000E+0	0.000000E+0	0.000000E+0				0.000000E+0	0.000000E+0	0.000000E+0	0.000000E+0				0.000000E+0	0.000000E+0	0.000000E+0	0.000000E+0	8.047576E+2	1.000160E+2	1.000160E+2
1.959162E-2	-1.903634E-2	1.931398E-2	9.999626E-5	-1.000021E-4	9.999918E-5	1.942812E+2	0.000000E+0	-1.140000E-1	1.888627E-2	-1.885376E-2	1.887002E-2	1.887017E+2				4.430783E-3	-4.439900E-3	4.435342E-3	4.435378E+1	1.954267E+2	0.000000E+0	-1.140000E-1	3.093050E-4	-2.136543E-4	2.614796E-4	2.614818E+0				0.000000E+0	0.000000E+0	0.000000E+0	0.000000E+0				0.000000E+0	0.000000E+0	0.000000E+0	0.000000E+0				0.000000E+0	0.000000E+0	0.000000E+0	0.000000E+0	8.335477E+2	1.000160E+2	1.000160E+2
1.975603E-2	-1.927252E-2	1.951428E-2	9.999626E-5	-1.000022E-4	9.999923E-5	1.996756E+2	0.000000E+0	-1.140000E-1	1.909295E-2	-1.911135E-2	1.910215E-2	1.910229E+2				4.556763E-3	-4.564911E-3	4.560837E-3	4.560872E+1	2.008262E+2	0.000000E+0	-1.140000E-1	3.077407E-4	-2.181794E-4	2.629600E-4	2.629621E+0				0.000000E+0	0.000000E+0	0.000000E+0	0.000000E+0				0.000000E+0	0.000000E+0	0.000000E+0	0.000000E+0				0.000000E+0	0.000000E+0	0.000000E+0	0.000000E+0	8.619333E+2	1.000160E+2	1.000160E+2
1.991362E-2	-1.941614E-2	1.966488E-2	9.999626E-5	-1.000021E-4	9.999918E-5	2.050346E+2	0.000000E+0	-1.140000E-1	1.924374E-2	-1.925280E-2	1.924827E-2	1.924843E+2				4.681804E-3	-4.690674E-3	4.686239E-3	4.686277E+1	2.061639E+2	0.000000E+0	-1.140000E-1	3.068709E-4	-2.206434E-4	2.637572E-4	2.637593E+0				0.000000E+0	0.000000E+0	0.000000E+0	0.000000E+0				0.000000E+0	0.000000E+0	0.000000E+0	0.000000E+0				0.000000E+0	0.000000E+0	0.000000E+0	0.000000E+0	8.903328E+2	1.000160E+2	1.000160E+2
2.011828E-2	-1.963558E-2	1.987693E-2	9.999626E-5	-1.000021E-4	9.999918E-5	2.105590E+2	0.000000E+0	-1.140000E-1	1.945702E-2	-1.947778E-2	1.946740E-2	1.946756E+2				4.806246E-3	-4.815333E-3	4.810790E-3	4.810829E+1	2.116548E+2	0.000000E+0	-1.140000E-1	3.063263E-4	-2.247194E-4	2.655228E-4	2.655250E+0				0.000000E+0	0.000000E+0	0.000000E+0	0.000000E+0				0.000000E+0	0.000000E+0	0.000000E+0	0.000000E+0				0.000000E+0	0.000000E+0	0.000000E+0	0.000000E+0	9.192944E+2	1.000160E+2	1.000160E+2
2.048063E-2	-2.001614E-2	2.024839E-2	9.999628E-5	-1.000022E-4	9.999924E-5	2.158991E+2	0.000000E+0	-1.140000E-1	1.983032E-2	-1.987686E-2	1.985359E-2	1.985374E+2				4.927877E-3	-4.937867E-3	4.932872E-3	4.932910E+1	2.170334E+2	0.000000E+0	-1.140000E-1	3.051659E-4	-2.288978E-4	2.670319E-4	2.670339E+0				0.000000E+0	0.000000E+0	0.000000E+0	0.000000E+0				0.000000E+0	0.000000E+0	0.000000E+0	0.000000E+0				0.000000E+0	0.000000E+0	0.000000E+0	0.000000E+0	9.478037E+2	1.000160E+2	1.000160E+2
2.109923E-2	-2.066698E-2	2.088310E-2	9.999629E-5	-1.000021E-4	9.999920E-5	2.212178E+2	0.000000E+0	-1.140000E-1	2.047295E-2	-2.055039E-2	2.051167E-2	2.051183E+2				5.049336E-3	-5.060466E-3	5.054901E-3	5.054942E+1	2.222776E+2	0.000000E+0	-1.140000E-1	3.038449E-4	-2.326344E-4	2.682397E-4	2.682418E+0				0.000000E+0	0.000000E+0	0.000000E+0	0.000000E+0				0.000000E+0	0.000000E+0	0.000000E+0	0.000000E+0				0.000000E+0	0.000000E+0	0.000000E+0	0.000000E+0	9.765165E+2	1.000160E+2	1.000160E+2
2.143221E-2	-2.091074E-2	2.117148E-2	9.999628E-5	-1.000022E-4	9.999924E-5	2.262143E+2	0.000000E+0	-1.140000E-1	2.074459E-2	-2.075345E-2	2.074902E-2	2.074918E+2				5.168985E-3	-5.178571E-3	5.173778E-3	5.173817E+1	2.272198E+2	0.000000E+0	-1.140000E-1	3.037756E-4	-2.356949E-4	2.697352E-4	2.697373E+0				0.000000E+0	0.000000E+0	0.000000E+0	0.000000E+0				0.000000E+0	0.000000E+0	0.000000E+0	0.000000E+0				0.000000E+0	0.000000E+0	0.000000E+0	0.000000E+0	1.005025E+3	1.000160E+2	1.000160E+2
2.170525E-2	-2.122445E-2	2.146485E-2	9.999628E-5	-1.000022E-4	9.999924E-5	2.309828E+2	0.000000E+0	-1.140000E-1	2.103996E-2	-2.107377E-2	2.105687E-2	2.105703E+2				5.287072E-3	-5.296582E-3	5.291827E-3	5.291867E+1	2.319704E+2	0.000000E+0	-1.140000E-1	3.035269E-4	-2.387780E-4	2.711524E-4	2.711545E+0				0.000000E+0	0.000000E+0	0.000000E+0	0.000000E+0				0.000000E+0	0.000000E+0	0.000000E+0	0.000000E+0				0.000000E+0	0.000000E+0	0.000000E+0	0.000000E+0	1.033727E+3	1.000160E+2	1.000160E+2
2.225799E-2	-2.182102E-2	2.203951E-2	9.999630E-5	-1.000022E-4	9.999925E-5	2.356197E+2	0.000000E+0	-1.140000E-1	2.162548E-2	-2.169216E-2	2.165882E-2	2.165898E+2				5.402841E-3	-5.412300E-3	5.407571E-3	5.407611E+1	2.366642E+2	0.000000E+0	-1.140000E-1	3.029425E-4	-2.416467E-4	2.722946E-4	2.722966E+0				0.000000E+0	0.000000E+0	0.000000E+0	0.000000E+0				0.000000E+0	0.000000E+0	0.000000E+0	0.000000E+0				0.000000E+0	0.000000E+0	0.000000E+0	0.000000E+0	1.062321E+3	1.000160E+2	1.000160E+2
2.319975E-2	-2.281103E-2	2.300539E-2	9.999625E-5	-1.000021E-4	9.999918E-5	2.402366E+2	0.000000E+0	-1.140000E-1	2.260000E-2	-2.269197E-2	2.264598E-2	2.264617E+2				5.515927E-3	-5.524534E-3	5.520231E-3	5.520276E+1	2.411866E+2	0.000000E+0	-1.140000E-1	3.016539E-4	-2.452687E-4	2.734613E-4	2.734636E+0				0.000000E+0	0.000000E+0	0.000000E+0	0.000000E+0				0.000000E+0	0.000000E+0	0.000000E+0	0.000000E+0				0.000000E+0	0.000000E+0	0.000000E+0	0.000000E+0	1.090762E+3	1.000160E+2	1.000160E+2
2.437806E-2	-2.399440E-2	2.418623E-2	9.999626E-5	-1.000022E-4	9.999923E-5	2.448078E+2	0.000000E+0	-1.140000E-1	2.377860E-2	-2.389587E-2	2.383723E-2	2.383741E+2				5.628501E-3	-5.637399E-3	5.632950E-3	5.632993E+1	2.457785E+2	0.000000E+0	-1.140000E-1	3.011659E-4	-2.479817E-4	2.745738E-4	2.745759E+0				0.000000E+0	0.000000E+0	0.000000E+0	0.000000E+0				0.000000E+0	0.000000E+0	0.000000E+0	0.000000E+0				0.000000E+0	0.000000E+0	0.000000E+0	0.000000E+0	1.119499E+3	1.000160E+2	1.000160E+2
2.619762E-2	-2.601800E-2	2.610781E-2	9.999627E-5	-1.000021E-4	9.999918E-5	2.493685E+2	0.000000E+0	-1.140000E-1	2.570901E-2	-2.603933E-2	2.587417E-2	2.587438E+2				5.736583E-3	-5.745584E-3	5.741084E-3	5.741130E+1	2.503508E+2	0.000000E+0	-1.140000E-1	3.006868E-4	-2.520748E-4	2.763808E-4	2.763831E+0				0.000000E+0	0.000000E+0	0.000000E+0	0.000000E+0				0.000000E+0	0.000000E+0	0.000000E+0	0.000000E+0				0.000000E+0	0.000000E+0	0.000000E+0	0.000000E+0	1.148008E+3	1.000160E+2	1.000160E+2
3.305588E-2	-3.517742E-2	3.411665E-2	9.999630E-5	-1.000022E-4	9.999925E-5	2.539264E+2	0.000000E+0	-1.140000E-1	3.343873E-2	-3.681668E-2	3.512770E-2	3.512797E+2				5.844913E-3	-5.853689E-3	5.849301E-3	5.849345E+1	2.548924E+2	0.000000E+0	-1.140000E-1	2.983549E-4	-2.540206E-4	2.761878E-4	2.761898E+0				0.000000E+0	0.000000E+0	0.000000E+0	0.000000E+0				0.000000E+0	0.000000E+0	0.000000E+0	0.000000E+0				0.000000E+0	0.000000E+0	0.000000E+0	0.000000E+0	1.176781E+3	1.000160E+2	1.000160E+2
2.384210E-2	-2.335267E-2	2.359738E-2	9.999629E-5	-1.000022E-4	9.999924E-5	2.584414E+2	0.000000E+0	-1.140000E-1	2.317393E-2	-2.319763E-2	2.318578E-2	2.318596E+2				5.953194E-3	-5.960673E-3	5.956933E-3	5.956978E+1	2.594028E+2	0.000000E+0	-1.140000E-1	2.979224E-4	-2.578236E-4	2.778730E-4	2.778751E+0				0.000000E+0	0.000000E+0	0.000000E+0	0.000000E+0				0.000000E+0	0.000000E+0	0.000000E+0	0.000000E+0				0.000000E+0	0.000000E+0	0.000000E+0	0.000000E+0	1.206282E+3	1.000160E+2	1.000160E+2
2.419434E-2	-2.372212E-2	2.395823E-2	9.999630E-5	-1.000022E-4	9.999925E-5	2.628288E+2	0.000000E+0	-1.140000E-1	2.353646E-2	-2.357023E-2	2.355334E-2	2.355352E+2				6.050826E-3	-6.057897E-3	6.054361E-3	6.054407E+1	2.637251E+2	0.000000E+0	-1.140000E-1	2.970684E-4	-2.612437E-4	2.791561E-4	2.791582E+0				0.000000E+0	0.000000E+0	0.000000E+0	0.000000E+0				0.000000E+0	0.000000E+0	0.000000E+0	0.000000E+0				0.000000E+0	0.000000E+0	0.000000E+0	0.000000E+0	1.234999E+3	1.000160E+2	1.000160E+2
2.459216E-2	-2.413492E-2	2.436354E-2	9.999630E-5	-1.000022E-4	9.999925E-5	2.670953E+2	0.000000E+0	-1.140000E-1	2.393932E-2	-2.399651E-2	2.396791E-2	2.396809E+2				6.140970E-3	-6.148307E-3	6.144638E-3	6.144684E+1	2.680281E+2	0.000000E+0	-1.140000E-1	2.970838E-4	-2.643220E-4	2.807029E-4	2.807050E+0				0.000000E+0	0.000000E+0	0.000000E+0	0.000000E+0				0.000000E+0	0.000000E+0	0.000000E+0	0.000000E+0				0.000000E+0	0.000000E+0	0.000000E+0	0.000000E+0	1.263516E+3	1.000160E+2	1.000160E+2
2.518358E-2	-2.473760E-2	2.496059E-2	9.999630E-5	-1.000022E-4	9.999925E-5	2.714390E+2	0.000000E+0	-1.140000E-1	2.454517E-2	-2.460340E-2	2.457428E-2	2.457447E+2				6.232468E-3	-6.236637E-3	6.234553E-3	6.234599E+1	2.723533E+2	0.000000E+0	-1.140000E-1	2.962829E-4	-2.672350E-4	2.817589E-4	2.817611E+0				0.000000E+0	0.000000E+0	0.000000E+0	0.000000E+0				0.000000E+0	0.000000E+0	0.000000E+0	0.000000E+0				0.000000E+0	0.000000E+0	0.000000E+0	0.000000E+0	1.292301E+3	1.000160E+2	1.000160E+2
2.601457E-2	-2.558141E-2	2.579799E-2	9.999630E-5	-1.000022E-4	9.999925E-5	2.756979E+2	0.000000E+0	-1.140000E-1	2.537725E-2	-2.547676E-2	2.542701E-2	2.542720E+2				6.322630E-3	-6.322089E-3	6.322359E-3	6.322407E+1	2.765871E+2	0.000000E+0	-1.140000E-1	2.960317E-4	-2.707267E-4	2.833792E-4	2.833813E+0				0.000000E+0	0.000000E+0	0.000000E+0	0.000000E+0				0.000000E+0	0.000000E+0	0.000000E+0	0.000000E+0				0.000000E+0	0.000000E+0	0.000000E+0	0.000000E+0	1.320800E+3	1.000160E+2	1.000160E+2
2.734370E-2	-2.699070E-2	2.716720E-2	9.999626E-5	-1.000022E-4	9.999923E-5	2.799164E+2	0.000000E+0	-1.140000E-1	2.676877E-2	-2.690172E-2	2.683525E-2	2.683546E+2				6.429779E-3	-6.439197E-3	6.434488E-3	6.434537E+1	2.807932E+2	0.000000E+0	-1.140000E-1	2.952674E-4	-2.739686E-4	2.846180E-4	2.846202E+0				0.000000E+0	0.000000E+0	0.000000E+0	0.000000E+0				0.000000E+0	0.000000E+0	0.000000E+0	0.000000E+0				0.000000E+0	0.000000E+0	0.000000E+0	0.000000E+0	1.349248E+3	1.000160E+2	1.000160E+2
2.884607E-2	-2.846360E-2	2.865484E-2	9.999629E-5	-1.000021E-4	9.999920E-5	2.841064E+2	0.000000E+0	-1.140000E-1	2.827382E-2	-2.841801E-2	2.834591E-2	2.834614E+2				6.539379E-3	-6.546569E-3	6.542974E-3	6.543027E+1	2.849866E+2	0.000000E+0	-1.140000E-1	2.941290E-4	-2.766290E-4	2.853790E-4	2.853813E+0				0.000000E+0	0.000000E+0	0.000000E+0	0.000000E+0				0.000000E+0	0.000000E+0	0.000000E+0	0.000000E+0				0.000000E+0	0.000000E+0	0.000000E+0	0.000000E+0	1.378000E+3	1.000160E+2	1.000160E+2
3.152966E-2	-3.136487E-2	3.144727E-2	9.999627E-5	-1.000022E-4	9.999923E-5	2.883093E+2	0.000000E+0	-1.140000E-1	3.107249E-2	-3.144883E-2	3.126066E-2	3.126090E+2				6.639317E-3	-6.646467E-3	6.642892E-3	6.642943E+1	2.891572E+2	0.000000E+0	-1.140000E-1	2.936908E-4	-2.794832E-4	2.865870E-4	2.865892E+0				0.000000E+0	0.000000E+0	0.000000E+0	0.000000E+0				0.000000E+0	0.000000E+0	0.000000E+0	0.000000E+0				0.000000E+0	0.000000E+0	0.000000E+0	0.000000E+0	1.406459E+3	1.000160E+2	1.000160E+2
3.519964E-2	-3.538847E-2	3.529405E-2	9.999627E-5	-1.000022E-4	9.999923E-5	2.923857E+2	0.000000E+0	-1.140000E-1	3.479012E-2	-3.591806E-2	3.535409E-2	3.535436E+2				6.736607E-3	-6.745256E-3	6.740932E-3	6.740983E+1	2.932635E+2	0.000000E+0	-1.140000E-1	2.931268E-4	-2.825765E-4	2.878517E-4	2.878539E+0				0.000000E+0	0.000000E+0	0.000000E+0	0.000000E+0				0.000000E+0	0.000000E+0	0.000000E+0	0.000000E+0				0.000000E+0	0.000000E+0	0.000000E+0	0.000000E+0	1.434855E+3	1.000160E+2	1.000160E+2
2.547584E-2	-2.498336E-2	2.522960E-2	9.999624E-5	-1.000022E-4	9.999922E-5	2.965091E+2	0.000000E+0	-1.140000E-1	2.480710E-2	-2.482100E-2	2.481405E-2	2.481424E+2				6.833638E-3	-6.841844E-3	6.837741E-3	6.837795E+1	2.973830E+2	0.000000E+0	-1.140000E-1	2.916441E-4	-2.857559E-4	2.887000E-4	2.887023E+0				0.000000E+0	0.000000E+0	0.000000E+0	0.000000E+0				0.000000E+0	0.000000E+0	0.000000E+0	0.000000E+0				0.000000E+0	0.000000E+0	0.000000E+0	0.000000E+0	1.463811E+3	1.000160E+2	1.000160E+2
2.578387E-2	-2.529841E-2	2.554114E-2	9.999633E-5	-1.000021E-4	9.999922E-5	3.006574E+2	0.000000E+0	-1.140000E-1	2.512056E-2	-2.514825E-2	2.513440E-2	2.513460E+2				6.927846E-3	-6.935207E-3	6.931527E-3	6.931581E+1	3.011918E+2	0.000000E+0	-1.140000E-1	2.916713E-4	-2.891216E-4	2.903964E-4	2.903987E+0				0.000000E+0	0.000000E+0	0.000000E+0	0.000000E+0				0.000000E+0	0.000000E+0	0.000000E+0	0.000000E+0				0.000000E+0	0.000000E+0	0.000000E+0	0.000000E+0	1.492431E+3	1.000160E+2	1.000160E+2
