
Resistance temp-continupus-scan only SMU only (+-)average

SMU-V(+)	SMU-V(-)	SMU-V(+-)/ABS	SMU-I(+)	SMU-I(-)	SMU-I(+-)/ABS	temp-ch1 (K)	EX. temp-ch1(K)	magnetic Field-ch1 (Oe)	2700-CH1(+)	2700-CH1(-)	2700-CH1(+-)	R(+-)-2700-CH1	N/A	N/A	N/A	DMM-2182-CH1(+)	DMM-2182-CH1(-)	DMM-2182-CH1(+-)/ABS	R(+-)-2182-CH1	temp-ch3 (K)	EX. temp-ch3(K)	magnetic Field-ch3 (Oe)	2700-CH3(+)	2700-CH3(-)	2700-CH3(+-)	R(+-)-2700-CH3	N/A	N/A	N/A	DMM-2182-CH4(+)	DMM-2182-CH4(-)	DMM-2182-CH4(+-)/ABS	R(+-)-2182-CH4	temp-ch5 (K)	EX. temp-ch5(K)	magnetic Field-ch5 (Oe)	DMM-CH5(+)	DMM-CH5(-)	DMM-CH5(+-)	R(+-)-CH5	temp-ch6 (K)	EX. temp-ch6(K)	magnetic Field-ch6 (Oe)	DMM-CH6(+)	DMM-CH6(-)	DMM-CH6(+-)	R(+-)-CH6	Time(sec)
2.768817E-2	-2.718582E-2	2.743699E-2	9.999615E-5	-1.000021E-4	9.999913E-5	2.999108E+2	0.000000E+0	6.600000E-2	2.706375E-2	-2.706004E-2	2.706189E-2	2.706213E+2				7.258899E-3	-7.258943E-3	7.258921E-3	7.258984E+1	2.995845E+2	0.000000E+0	6.600000E-2	2.942053E-4	-2.929898E-4	2.935975E-4	2.936001E+0				0.000000E+0	0.000000E+0	0.000000E+0	0.000000E+0				0.000000E+0	0.000000E+0	0.000000E+0	0.000000E+0				0.000000E+0	0.000000E+0	0.000000E+0	0.000000E+0	3.381742E+1	1.000160E+2	1.000160E+2
2.768722E-2	-2.718139E-2	2.743430E-2	9.999612E-5	-1.000021E-4	9.999911E-5	2.988431E+2	0.000000E+0	6.600000E-2	2.706110E-2	-2.705463E-2	2.705787E-2	2.705811E+2				7.257450E-3	-7.255982E-3	7.256716E-3	7.256781E+1	2.987015E+2	0.000000E+0	6.600000E-2	2.942345E-4	-2.922735E-4	2.932540E-4	2.932566E+0				0.000000E+0	0.000000E+0	0.000000E+0	0.000000E+0				0.000000E+0	0.000000E+0	0.000000E+0	0.000000E+0				0.000000E+0	0.000000E+0	0.000000E+0	0.000000E+0	6.236450E+1	1.000160E+2	1.000160E+2
2.767439E-2	-2.716484E-2	2.741962E-2	9.999621E-5	-1.000021E-4	9.999916E-5	2.979920E+2	0.000000E+0	6.600000E-2	2.704736E-2	-2.704023E-2	2.704380E-2	2.704403E+2				7.252298E-3	-7.248581E-3	7.250440E-3	7.250501E+1	2.977355E+2	0.000000E+0	6.600000E-2	2.957030E-4	-2.902506E-4	2.929768E-4	2.929793E+0				0.000000E+0	0.000000E+0	0.000000E+0	0.000000E+0				0.000000E+0	0.000000E+0	0.000000E+0	0.000000E+0				0.000000E+0	0.000000E+0	0.000000E+0	0.000000E+0	9.085206E+1	1.000160E+2	1.000160E+2
2.765350E-2	-2.713909E-2	2.739630E-2	9.999623E-5	-1.000022E-4	9.999921E-5	2.963438E+2	0.000000E+0	6.600000E-2	2.702219E-2	-2.701436E-2	2.701828E-2	2.701849E+2				7.246650E-3	-7.229823E-3	7.238236E-3	7.238293E+1	2.959015E+2	0.000000E+0	6.600000E-2	2.942460E-4	-2.904532E-4	2.923496E-4	2.923519E+0				0.000000E+0	0.000000E+0	0.000000E+0	0.000000E+0				0.000000E+0	0.000000E+0	0.000000E+0	0.000000E+0				0.000000E+0	0.000000E+0	0.000000E+0	0.000000E+0	1.197764E+2	1.000160E+2	1.000160E+2
2.761283E-2	-2.709079E-2	2.735181E-2	9.999621E-5	-1.000021E-4	9.999916E-5	2.942224E+2	0.000000E+0	6.600000E-2	2.698171E-2	-2.696621E-2	2.697396E-2	2.697419E+2				7.232172E-3	-7.206282E-3	7.219227E-3	7.219288E+1	2.937595E+2	0.000000E+0	6.600000E-2	2.967689E-4	-2.898146E-4	2.932917E-4	2.932942E+0				0.000000E+0	0.000000E+0	0.000000E+0	0.000000E+0				0.000000E+0	0.000000E+0	0.000000E+0	0.000000E+0				0.000000E+0	0.000000E+0	0.000000E+0	0.000000E+0	1.480874E+2	1.000160E+2	1.000160E+2
2.755203E-2	-2.702546E-2	2.728875E-2	9.999626E-5	-1.000022E-4	9.999923E-5	2.917298E+2	0.000000E+0	6.600000E-2	2.691789E-2	-2.689893E-2	2.690841E-2	2.690862E+2				7.207311E-3	-7.175625E-3	7.191468E-3	7.191524E+1	2.911944E+2	0.000000E+0	6.600000E-2	2.985151E-4	-2.858512E-4	2.921832E-4	2.921854E+0				0.000000E+0	0.000000E+0	0.000000E+0	0.000000E+0				0.000000E+0	0.000000E+0	0.000000E+0	0.000000E+0				0.000000E+0	0.000000E+0	0.000000E+0	0.000000E+0	1.768174E+2	1.000160E+2	1.000160E+2
2.746654E-2	-2.693667E-2	2.720161E-2	9.999622E-5	-1.000022E-4	9.999921E-5	2.890070E+2	0.000000E+0	6.600000E-2	2.683145E-2	-2.680931E-2	2.682038E-2	2.682059E+2				7.172358E-3	-7.137142E-3	7.154750E-3	7.154807E+1	2.884419E+2	0.000000E+0	6.600000E-2	3.009148E-4	-2.841871E-4	2.925510E-4	2.925533E+0				0.000000E+0	0.000000E+0	0.000000E+0	0.000000E+0				0.000000E+0	0.000000E+0	0.000000E+0	0.000000E+0				0.000000E+0	0.000000E+0	0.000000E+0	0.000000E+0	2.053084E+2	1.000160E+2	1.000160E+2
2.736249E-2	-2.682953E-2	2.709601E-2	9.999621E-5	-1.000022E-4	9.999920E-5	2.861589E+2	0.000000E+0	6.600000E-2	2.672720E-2	-2.670021E-2	2.671371E-2	2.671392E+2				7.129617E-3	-7.091122E-3	7.110370E-3	7.110426E+1	2.855367E+2	0.000000E+0	6.600000E-2	3.021250E-4	-2.818819E-4	2.920034E-4	2.920057E+0				0.000000E+0	0.000000E+0	0.000000E+0	0.000000E+0				0.000000E+0	0.000000E+0	0.000000E+0	0.000000E+0				0.000000E+0	0.000000E+0	0.000000E+0	0.000000E+0	2.338319E+2	1.000160E+2	1.000160E+2
2.723994E-2	-2.670398E-2	2.697196E-2	9.999623E-5	-1.000022E-4	9.999921E-5	2.831503E+2	0.000000E+0	6.600000E-2	2.660278E-2	-2.657265E-2	2.658772E-2	2.658792E+2				7.079555E-3	-7.038390E-3	7.058973E-3	7.059028E+1	2.824801E+2	0.000000E+0	6.600000E-2	3.045565E-4	-2.782543E-4	2.914054E-4	2.914077E+0				0.000000E+0	0.000000E+0	0.000000E+0	0.000000E+0				0.000000E+0	0.000000E+0	0.000000E+0	0.000000E+0				0.000000E+0	0.000000E+0	0.000000E+0	0.000000E+0	2.627554E+2	1.000160E+2	1.000160E+2
2.710333E-2	-2.656283E-2	2.683308E-2	9.999625E-5	-1.000021E-4	9.999918E-5	2.800764E+2	0.000000E+0	6.600000E-2	2.646584E-2	-2.643331E-2	2.644957E-2	2.644979E+2				7.024231E-3	-6.981117E-3	7.002674E-3	7.002732E+1	2.793372E+2	0.000000E+0	6.600000E-2	3.056347E-4	-2.756146E-4	2.906246E-4	2.906270E+0				0.000000E+0	0.000000E+0	0.000000E+0	0.000000E+0				0.000000E+0	0.000000E+0	0.000000E+0	0.000000E+0				0.000000E+0	0.000000E+0	0.000000E+0	0.000000E+0	2.915478E+2	1.000160E+2	1.000160E+2
2.695274E-2	-2.640934E-2	2.668104E-2	9.999624E-5	-1.000022E-4	9.999922E-5	2.768613E+2	0.000000E+0	6.600000E-2	2.631299E-2	-2.627977E-2	2.629638E-2	2.629659E+2				6.963018E-3	-6.918810E-3	6.940914E-3	6.940968E+1	2.761549E+2	0.000000E+0	6.600000E-2	3.067463E-4	-2.734774E-4	2.901118E-4	2.901141E+0				0.000000E+0	0.000000E+0	0.000000E+0	0.000000E+0				0.000000E+0	0.000000E+0	0.000000E+0	0.000000E+0				0.000000E+0	0.000000E+0	0.000000E+0	0.000000E+0	3.203348E+2	1.000160E+2	1.000160E+2
2.679071E-2	-2.624540E-2	2.651805E-2	9.999628E-5	-1.000022E-4	9.999924E-5	2.736346E+2	0.000000E+0	6.600000E-2	2.615126E-2	-2.611584E-2	2.613355E-2	2.613375E+2				6.899988E-3	-6.853734E-3	6.876861E-3	6.876913E+1	2.729749E+2	0.000000E+0	6.600000E-2	3.076250E-4	-2.697090E-4	2.886670E-4	2.886692E+0				0.000000E+0	0.000000E+0	0.000000E+0	0.000000E+0				0.000000E+0	0.000000E+0	0.000000E+0	0.000000E+0				0.000000E+0	0.000000E+0	0.000000E+0	0.000000E+0	3.489168E+2	1.000160E+2	1.000160E+2
2.661915E-2	-2.607226E-2	2.634571E-2	9.999629E-5	-1.000022E-4	9.999924E-5	2.704126E+2	0.000000E+0	6.600000E-2	2.597873E-2	-2.594135E-2	2.596004E-2	2.596023E+2				6.833537E-3	-6.785958E-3	6.809748E-3	6.809799E+1	2.696972E+2	0.000000E+0	6.600000E-2	3.088060E-4	-2.671098E-4	2.879579E-4	2.879601E+0				0.000000E+0	0.000000E+0	0.000000E+0	0.000000E+0				0.000000E+0	0.000000E+0	0.000000E+0	0.000000E+0				0.000000E+0	0.000000E+0	0.000000E+0	0.000000E+0	3.775601E+2	1.000160E+2	1.000160E+2
2.643437E-2	-2.588849E-2	2.616143E-2	9.999628E-5	-1.000022E-4	9.999924E-5	2.671105E+2	0.000000E+0	6.600000E-2	2.579529E-2	-2.575873E-2	2.577701E-2	2.577720E+2				6.763316E-3	-6.713793E-3	6.738555E-3	6.738606E+1	2.664237E+2	0.000000E+0	6.600000E-2	3.098188E-4	-2.664057E-4	2.881122E-4	2.881144E+0				0.000000E+0	0.000000E+0	0.000000E+0	0.000000E+0				0.000000E+0	0.000000E+0	0.000000E+0	0.000000E+0				0.000000E+0	0.000000E+0	0.000000E+0	0.000000E+0	4.060637E+2	1.000160E+2	1.000160E+2
2.624764E-2	-2.570057E-2	2.597410E-2	9.999626E-5	-1.000022E-4	9.999923E-5	2.638770E+2	0.000000E+0	6.600000E-2	2.560604E-2	-2.556910E-2	2.558757E-2	2.558777E+2				6.691098E-3	-6.643341E-3	6.667220E-3	6.667271E+1	2.631957E+2	0.000000E+0	6.600000E-2	3.110951E-4	-2.626302E-4	2.868626E-4	2.868649E+0				0.000000E+0	0.000000E+0	0.000000E+0	0.000000E+0				0.000000E+0	0.000000E+0	0.000000E+0	0.000000E+0				0.000000E+0	0.000000E+0	0.000000E+0	0.000000E+0	4.345785E+2	1.000160E+2	1.000160E+2
2.604885E-2	-2.550116E-2	2.577500E-2	9.999627E-5	-1.000022E-4	9.999923E-5	2.606379E+2	0.000000E+0	6.600000E-2	2.540651E-2	-2.536957E-2	2.538804E-2	2.538823E+2				6.617007E-3	-6.569107E-3	6.593057E-3	6.593107E+1	2.599401E+2	0.000000E+0	6.600000E-2	3.126769E-4	-2.610556E-4	2.868662E-4	2.868684E+0				0.000000E+0	0.000000E+0	0.000000E+0	0.000000E+0				0.000000E+0	0.000000E+0	0.000000E+0	0.000000E+0				0.000000E+0	0.000000E+0	0.000000E+0	0.000000E+0	4.633221E+2	1.000160E+2	1.000160E+2
2.584085E-2	-2.529583E-2	2.556834E-2	9.999625E-5	-1.000022E-4	9.999922E-5	2.573745E+2	0.000000E+0	6.600000E-2	2.520050E-2	-2.516254E-2	2.518152E-2	2.518171E+2				6.539425E-3	-6.491898E-3	6.515661E-3	6.515712E+1	2.567034E+2	0.000000E+0	6.600000E-2	3.127413E-4	-2.584039E-4	2.855726E-4	2.855748E+0				0.000000E+0	0.000000E+0	0.000000E+0	0.000000E+0				0.000000E+0	0.000000E+0	0.000000E+0	0.000000E+0				0.000000E+0	0.000000E+0	0.000000E+0	0.000000E+0	4.919409E+2	1.000160E+2	1.000160E+2
2.562680E-2	-2.508297E-2	2.535489E-2	9.999625E-5	-1.000022E-4	9.999922E-5	2.541663E+2	0.000000E+0	6.600000E-2	2.498369E-2	-2.494982E-2	2.496675E-2	2.496695E+2				6.462995E-3	-6.416508E-3	6.439751E-3	6.439801E+1	2.534597E+2	0.000000E+0	6.600000E-2	3.134933E-4	-2.558531E-4	2.846732E-4	2.846754E+0				0.000000E+0	0.000000E+0	0.000000E+0	0.000000E+0				0.000000E+0	0.000000E+0	0.000000E+0	0.000000E+0				0.000000E+0	0.000000E+0	0.000000E+0	0.000000E+0	5.205837E+2	1.000160E+2	1.000160E+2
2.540426E-2	-2.486339E-2	2.513382E-2	9.999625E-5	-1.000022E-4	9.999922E-5	2.509608E+2	0.000000E+0	6.600000E-2	2.476205E-2	-2.472768E-2	2.474486E-2	2.474505E+2				6.386150E-3	-6.339139E-3	6.362645E-3	6.362694E+1	2.502783E+2	0.000000E+0	6.600000E-2	3.154640E-4	-2.534851E-4	2.844745E-4	2.844767E+0				0.000000E+0	0.000000E+0	0.000000E+0	0.000000E+0				0.000000E+0	0.000000E+0	0.000000E+0	0.000000E+0				0.000000E+0	0.000000E+0	0.000000E+0	0.000000E+0	5.489974E+2	1.000160E+2	1.000160E+2
2.517924E-2	-2.463660E-2	2.490792E-2	9.999629E-5	-1.000022E-4	9.999924E-5	2.477389E+2	0.000000E+0	6.600000E-2	2.453676E-2	-2.450425E-2	2.452050E-2	2.452069E+2				6.307491E-3	-6.261804E-3	6.284647E-3	6.284695E+1	2.470967E+2	0.000000E+0	6.600000E-2	3.173968E-4	-2.505483E-4	2.839725E-4	2.839747E+0				0.000000E+0	0.000000E+0	0.000000E+0	0.000000E+0				0.000000E+0	0.000000E+0	0.000000E+0	0.000000E+0				0.000000E+0	0.000000E+0	0.000000E+0	0.000000E+0	5.775500E+2	1.000160E+2	1.000160E+2
2.495008E-2	-2.441001E-2	2.468004E-2	9.999625E-5	-1.000022E-4	9.999922E-5	2.445804E+2	0.000000E+0	6.600000E-2	2.430748E-2	-2.427348E-2	2.429048E-2	2.429067E+2				6.230144E-3	-6.184400E-3	6.207272E-3	6.207320E+1	2.438969E+2	0.000000E+0	6.600000E-2	3.173978E-4	-2.486936E-4	2.830457E-4	2.830479E+0				0.000000E+0	0.000000E+0	0.000000E+0	0.000000E+0				0.000000E+0	0.000000E+0	0.000000E+0	0.000000E+0				0.000000E+0	0.000000E+0	0.000000E+0	0.000000E+0	6.063695E+2	1.000160E+2	1.000160E+2
2.471600E-2	-2.417679E-2	2.444639E-2	9.999626E-5	-1.000022E-4	9.999923E-5	2.414571E+2	0.000000E+0	6.600000E-2	2.407521E-2	-2.404227E-2	2.405874E-2	2.405892E+2				6.153278E-3	-6.109648E-3	6.131463E-3	6.131510E+1	2.408245E+2	0.000000E+0	6.600000E-2	3.167887E-4	-2.462568E-4	2.815228E-4	2.815250E+0				0.000000E+0	0.000000E+0	0.000000E+0	0.000000E+0				0.000000E+0	0.000000E+0	0.000000E+0	0.000000E+0				0.000000E+0	0.000000E+0	0.000000E+0	0.000000E+0	6.347861E+2	1.000160E+2	1.000160E+2
2.448902E-2	-2.395148E-2	2.422025E-2	9.999630E-5	-1.000022E-4	9.999925E-5	2.384047E+2	0.000000E+0	6.600000E-2	2.384757E-2	-2.381552E-2	2.383154E-2	2.383172E+2				6.076063E-3	-6.032958E-3	6.054511E-3	6.054556E+1	2.377181E+2	0.000000E+0	6.600000E-2	3.193005E-4	-2.432596E-4	2.812800E-4	2.812821E+0				0.000000E+0	0.000000E+0	0.000000E+0	0.000000E+0				0.000000E+0	0.000000E+0	0.000000E+0	0.000000E+0				0.000000E+0	0.000000E+0	0.000000E+0	0.000000E+0	6.635280E+2	1.000160E+2	1.000160E+2
2.426019E-2	-2.372150E-2	2.399085E-2	9.999624E-5	-1.000022E-4	9.999922E-5	2.352585E+2	0.000000E+0	6.600000E-2	2.362082E-2	-2.359028E-2	2.360555E-2	2.360574E+2				6.001344E-3	-5.956913E-3	5.979128E-3	5.979175E+1	2.346158E+2	0.000000E+0	6.600000E-2	3.204361E-4	-2.414191E-4	2.809276E-4	2.809298E+0				0.000000E+0	0.000000E+0	0.000000E+0	0.000000E+0				0.000000E+0	0.000000E+0	0.000000E+0	0.000000E+0				0.000000E+0	0.000000E+0	0.000000E+0	0.000000E+0	6.921426E+2	1.000160E+2	1.000160E+2
2.403956E-2	-2.350111E-2	2.377034E-2	9.999630E-5	-1.000022E-4	9.999925E-5	2.321805E+2	0.000000E+0	6.600000E-2	2.339748E-2	-2.336503E-2	2.338125E-2	2.338143E+2				5.926769E-3	-5.882965E-3	5.904867E-3	5.904911E+1	2.315211E+2	0.000000E+0	6.600000E-2	3.210262E-4	-2.404789E-4	2.807525E-4	2.807546E+0				0.000000E+0	0.000000E+0	0.000000E+0	0.000000E+0				0.000000E+0	0.000000E+0	0.000000E+0	0.000000E+0				0.000000E+0	0.000000E+0	0.000000E+0	0.000000E+0	7.207327E+2	1.000160E+2	1.000160E+2
2.380981E-2	-2.327161E-2	2.354071E-2	9.999622E-5	-1.000022E-4	9.999921E-5	2.291139E+2	0.000000E+0	6.600000E-2	2.316809E-2	-2.313516E-2	2.315162E-2	2.315181E+2				5.851462E-3	-5.809233E-3	5.830348E-3	5.830394E+1	2.284446E+2	0.000000E+0	6.600000E-2	3.219386E-4	-2.378179E-4	2.798783E-4	2.798805E+0				0.000000E+0	0.000000E+0	0.000000E+0	0.000000E+0				0.000000E+0	0.000000E+0	0.000000E+0	0.000000E+0				0.000000E+0	0.000000E+0	0.000000E+0	0.000000E+0	7.493165E+2	1.000160E+2	1.000160E+2
2.358851E-2	-2.305083E-2	2.331967E-2	9.999630E-5	-1.000021E-4	9.999920E-5	2.260011E+2	0.000000E+0	6.600000E-2	2.294798E-2	-2.291449E-2	2.293124E-2	2.293142E+2				5.777648E-3	-5.735700E-3	5.756674E-3	5.756720E+1	2.253605E+2	0.000000E+0	6.600000E-2	3.207765E-4	-2.354402E-4	2.781084E-4	2.781106E+0				0.000000E+0	0.000000E+0	0.000000E+0	0.000000E+0				0.000000E+0	0.000000E+0	0.000000E+0	0.000000E+0				0.000000E+0	0.000000E+0	0.000000E+0	0.000000E+0	7.777401E+2	1.000160E+2	1.000160E+2
2.337203E-2	-2.283459E-2	2.310331E-2	9.999625E-5	-1.000022E-4	9.999922E-5	2.229337E+2	0.000000E+0	6.600000E-2	2.273049E-2	-2.269879E-2	2.271464E-2	2.271482E+2				5.702563E-3	-5.661871E-3	5.682217E-3	5.682261E+1	2.222293E+2	0.000000E+0	6.600000E-2	3.227563E-4	-2.339648E-4	2.783606E-4	2.783627E+0				0.000000E+0	0.000000E+0	0.000000E+0	0.000000E+0				0.000000E+0	0.000000E+0	0.000000E+0	0.000000E+0				0.000000E+0	0.000000E+0	0.000000E+0	0.000000E+0	8.066037E+2	1.000160E+2	1.000160E+2
2.315264E-2	-2.261896E-2	2.288580E-2	9.999621E-5	-1.000022E-4	9.999920E-5	2.197943E+2	0.000000E+0	6.600000E-2	2.251281E-2	-2.248068E-2	2.249675E-2	2.249693E+2				5.630317E-3	-5.589660E-3	5.609989E-3	5.610033E+1	2.190577E+2	0.000000E+0	6.600000E-2	3.230686E-4	-2.318988E-4	2.774837E-4	2.774859E+0				0.000000E+0	0.000000E+0	0.000000E+0	0.000000E+0				0.000000E+0	0.000000E+0	0.000000E+0	0.000000E+0				0.000000E+0	0.000000E+0	0.000000E+0	0.000000E+0	8.349984E+2	1.000160E+2	1.000160E+2
2.293873E-2	-2.240295E-2	2.267084E-2	9.999625E-5	-1.000022E-4	9.999922E-5	2.165528E+2	0.000000E+0	6.600000E-2	2.229945E-2	-2.226655E-2	2.228300E-2	2.228317E+2				5.559259E-3	-5.518353E-3	5.538806E-3	5.538849E+1	2.158382E+2	0.000000E+0	6.600000E-2	3.229897E-4	-2.304267E-4	2.767082E-4	2.767103E+0				0.000000E+0	0.000000E+0	0.000000E+0	0.000000E+0				0.000000E+0	0.000000E+0	0.000000E+0	0.000000E+0				0.000000E+0	0.000000E+0	0.000000E+0	0.000000E+0	8.637045E+2	1.000160E+2	1.000160E+2
2.272816E-2	-2.219024E-2	2.245920E-2	9.999628E-5	-1.000022E-4	9.999924E-5	2.133419E+2	0.000000E+0	6.600000E-2	2.208639E-2	-2.205527E-2	2.207083E-2	2.207099E+2				5.485525E-3	-5.445702E-3	5.465614E-3	5.465655E+1	2.126884E+2	0.000000E+0	6.600000E-2	3.238795E-4	-2.266904E-4	2.752849E-4	2.752870E+0				0.000000E+0	0.000000E+0	0.000000E+0	0.000000E+0				0.000000E+0	0.000000E+0	0.000000E+0	0.000000E+0				0.000000E+0	0.000000E+0	0.000000E+0	0.000000E+0	8.923199E+2	1.000160E+2	1.000160E+2
2.252016E-2	-2.197714E-2	2.224865E-2	9.999629E-5	-1.000022E-4	9.999924E-5	2.101985E+2	0.000000E+0	6.600000E-2	2.187582E-2	-2.184406E-2	2.185994E-2	2.186010E+2				5.414785E-3	-5.375419E-3	5.395102E-3	5.395142E+1	2.095726E+2	0.000000E+0	6.600000E-2	3.243442E-4	-2.252515E-4	2.747979E-4	2.747999E+0				0.000000E+0	0.000000E+0	0.000000E+0	0.000000E+0				0.000000E+0	0.000000E+0	0.000000E+0	0.000000E+0				0.000000E+0	0.000000E+0	0.000000E+0	0.000000E+0	9.207872E+2	1.000160E+2	1.000160E+2
2.230687E-2	-2.176413E-2	2.203550E-2	9.999629E-5	-1.000022E-4	9.999924E-5	2.071283E+2	0.000000E+0	6.600000E-2	2.166504E-2	-2.163374E-2	2.164939E-2	2.164956E+2				5.342064E-3	-5.304385E-3	5.323225E-3	5.323265E+1	2.064896E+2	0.000000E+0	6.600000E-2	3.254053E-4	-2.234552E-4	2.744303E-4	2.744324E+0				0.000000E+0	0.000000E+0	0.000000E+0	0.000000E+0				0.000000E+0	0.000000E+0	0.000000E+0	0.000000E+0				0.000000E+0	0.000000E+0	0.000000E+0	0.000000E+0	9.495967E+2	1.000160E+2	1.000160E+2
2.209992E-2	-2.155714E-2	2.182853E-2	9.999629E-5	-1.000022E-4	9.999924E-5	2.040798E+2	0.000000E+0	6.600000E-2	2.145594E-2	-2.142558E-2	2.144076E-2	2.144092E+2				5.272156E-3	-5.234069E-3	5.253112E-3	5.253152E+1	2.034397E+2	0.000000E+0	6.600000E-2	3.266204E-4	-2.213322E-4	2.739763E-4	2.739784E+0				0.000000E+0	0.000000E+0	0.000000E+0	0.000000E+0				0.000000E+0	0.000000E+0	0.000000E+0	0.000000E+0				0.000000E+0	0.000000E+0	0.000000E+0	0.000000E+0	9.779624E+2	1.000160E+2	1.000160E+2
2.189484E-2	-2.135119E-2	2.162301E-2	9.999631E-5	-1.000022E-4	9.999926E-5	2.011121E+2	0.000000E+0	6.600000E-2	2.125373E-2	-2.122075E-2	2.123724E-2	2.123740E+2				5.202783E-3	-5.165096E-3	5.183940E-3	5.183978E+1	2.004860E+2	0.000000E+0	6.600000E-2	3.259822E-4	-2.190096E-4	2.724959E-4	2.724979E+0				0.000000E+0	0.000000E+0	0.000000E+0	0.000000E+0				0.000000E+0	0.000000E+0	0.000000E+0	0.000000E+0				0.000000E+0	0.000000E+0	0.000000E+0	0.000000E+0	1.006572E+3	1.000160E+2	1.000160E+2
2.169027E-2	-2.114496E-2	2.141762E-2	9.999629E-5	-1.000022E-4	9.999924E-5	1.981878E+2	0.000000E+0	6.600000E-2	2.104657E-2	-2.101416E-2	2.103036E-2	2.103052E+2				5.133852E-3	-5.095165E-3	5.114508E-3	5.114547E+1	1.975947E+2	0.000000E+0	6.600000E-2	3.275668E-4	-2.165855E-4	2.720761E-4	2.720782E+0				0.000000E+0	0.000000E+0	0.000000E+0	0.000000E+0				0.000000E+0	0.000000E+0	0.000000E+0	0.000000E+0				0.000000E+0	0.000000E+0	0.000000E+0	0.000000E+0	1.035326E+3	1.000160E+2	1.000160E+2
2.148438E-2	-2.093906E-2	2.121172E-2	9.999628E-5	-1.000022E-4	9.999924E-5	1.953682E+2	0.000000E+0	6.600000E-2	2.084288E-2	-2.081138E-2	2.082713E-2	2.082729E+2				5.064789E-3	-5.026651E-3	5.045720E-3	5.045758E+1	1.947457E+2	0.000000E+0	6.600000E-2	3.274618E-4	-2.160299E-4	2.717458E-4	2.717479E+0				0.000000E+0	0.000000E+0	0.000000E+0	0.000000E+0				0.000000E+0	0.000000E+0	0.000000E+0	0.000000E+0				0.000000E+0	0.000000E+0	0.000000E+0	0.000000E+0	1.063799E+3	1.000160E+2	1.000160E+2
2.128372E-2	-2.073965E-2	2.101168E-2	9.999624E-5	-1.000022E-4	9.999922E-5	1.924984E+2	0.000000E+0	6.600000E-2	2.064121E-2	-2.060969E-2	2.062545E-2	2.062561E+2				4.996469E-3	-4.958524E-3	4.977497E-3	4.977536E+1	1.918910E+2	0.000000E+0	6.600000E-2	3.281442E-4	-2.133627E-4	2.707535E-4	2.707556E+0				0.000000E+0	0.000000E+0	0.000000E+0	0.000000E+0				0.000000E+0	0.000000E+0	0.000000E+0	0.000000E+0				0.000000E+0	0.000000E+0	0.000000E+0	0.000000E+0	1.092547E+3	1.000160E+2	1.000160E+2
2.108192E-2	-2.053728E-2	2.080960E-2	9.999622E-5	-1.000022E-4	9.999921E-5	1.896615E+2	0.000000E+0	6.600000E-2	2.043894E-2	-2.040739E-2	2.042317E-2	2.042333E+2				4.928618E-3	-4.891119E-3	4.909869E-3	4.909907E+1	1.890567E+2	0.000000E+0	6.600000E-2	3.276393E-4	-2.122244E-4	2.699318E-4	2.699340E+0				0.000000E+0	0.000000E+0	0.000000E+0	0.000000E+0				0.000000E+0	0.000000E+0	0.000000E+0	0.000000E+0				0.000000E+0	0.000000E+0	0.000000E+0	0.000000E+0	1.121007E+3	1.000160E+2	1.000160E+2
2.088418E-2	-2.033625E-2	2.061022E-2	9.999624E-5	-1.000022E-4	9.999922E-5	1.868781E+2	0.000000E+0	6.600000E-2	2.023986E-2	-2.020864E-2	2.022425E-2	2.022441E+2				4.861159E-3	-4.823297E-3	4.842228E-3	4.842266E+1	1.862887E+2	0.000000E+0	6.600000E-2	3.278005E-4	-2.097876E-4	2.687941E-4	2.687962E+0				0.000000E+0	0.000000E+0	0.000000E+0	0.000000E+0				0.000000E+0	0.000000E+0	0.000000E+0	0.000000E+0				0.000000E+0	0.000000E+0	0.000000E+0	0.000000E+0	1.149537E+3	1.000160E+2	1.000160E+2
2.068720E-2	-2.013836E-2	2.041278E-2	9.999624E-5	-1.000022E-4	9.999922E-5	1.840789E+2	0.000000E+0	6.600000E-2	2.004325E-2	-2.001096E-2	2.002710E-2	2.002726E+2				4.793699E-3	-4.755682E-3	4.774691E-3	4.774728E+1	1.835020E+2	0.000000E+0	6.600000E-2	3.288186E-4	-2.082189E-4	2.685188E-4	2.685209E+0				0.000000E+0	0.000000E+0	0.000000E+0	0.000000E+0				0.000000E+0	0.000000E+0	0.000000E+0	0.000000E+0				0.000000E+0	0.000000E+0	0.000000E+0	0.000000E+0	1.178312E+3	1.000160E+2	1.000160E+2
2.049031E-2	-1.994190E-2	2.021610E-2	9.999626E-5	-1.000022E-4	9.999923E-5	1.813704E+2	0.000000E+0	6.600000E-2	1.984769E-2	-1.981540E-2	1.983154E-2	1.983170E+2				4.726052E-3	-4.692064E-3	4.709058E-3	4.709094E+1	1.808010E+2	0.000000E+0	6.600000E-2	3.285713E-4	-2.072019E-4	2.678866E-4	2.678886E+0				0.000000E+0	0.000000E+0	0.000000E+0	0.000000E+0				0.000000E+0	0.000000E+0	0.000000E+0	0.000000E+0				0.000000E+0	0.000000E+0	0.000000E+0	0.000000E+0	1.206860E+3	1.000160E+2	1.000160E+2
2.029557E-2	-1.975074E-2	2.002316E-2	9.999619E-5	-1.000022E-4	9.999919E-5	1.786777E+2	0.000000E+0	6.600000E-2	1.965277E-2	-1.962367E-2	1.963822E-2	1.963838E+2				4.660123E-3	-4.624723E-3	4.642423E-3	4.642460E+1	1.781074E+2	0.000000E+0	6.600000E-2	3.283995E-4	-2.047321E-4	2.665658E-4	2.665679E+0				0.000000E+0	0.000000E+0	0.000000E+0	0.000000E+0				0.000000E+0	0.000000E+0	0.000000E+0	0.000000E+0				0.000000E+0	0.000000E+0	0.000000E+0	0.000000E+0	1.235533E+3	1.000160E+2	1.000160E+2
2.010303E-2	-1.955895E-2	1.983099E-2	9.999621E-5	-1.000021E-4	9.999916E-5	1.759982E+2	0.000000E+0	6.600000E-2	1.946015E-2	-1.943100E-2	1.944558E-2	1.944574E+2				4.595194E-3	-4.559790E-3	4.577492E-3	4.577531E+1	1.754223E+2	0.000000E+0	6.600000E-2	3.287784E-4	-2.042378E-4	2.665081E-4	2.665104E+0				0.000000E+0	0.000000E+0	0.000000E+0	0.000000E+0				0.000000E+0	0.000000E+0	0.000000E+0	0.000000E+0				0.000000E+0	0.000000E+0	0.000000E+0	0.000000E+0	1.263978E+3	1.000160E+2	1.000160E+2
1.991301E-2	-1.936846E-2	1.964073E-2	9.999622E-5	-1.000022E-4	9.999921E-5	1.733524E+2	0.000000E+0	6.600000E-2	1.927016E-2	-1.924017E-2	1.925517E-2	1.925532E+2				4.530556E-3	-4.495160E-3	4.512858E-3	4.512894E+1	1.727883E+2	0.000000E+0	6.600000E-2	3.288205E-4	-2.025829E-4	2.657017E-4	2.657038E+0				0.000000E+0	0.000000E+0	0.000000E+0	0.000000E+0				0.000000E+0	0.000000E+0	0.000000E+0	0.000000E+0				0.000000E+0	0.000000E+0	0.000000E+0	0.000000E+0	1.292452E+3	1.000160E+2	1.000160E+2
1.972227E-2	-1.917939E-2	1.945083E-2	9.999620E-5	-1.000021E-4	9.999915E-5	1.707123E+2	0.000000E+0	6.600000E-2	1.908057E-2	-1.905068E-2	1.906563E-2	1.906579E+2				4.464489E-3	-4.429161E-3	4.446825E-3	4.446863E+1	1.701343E+2	0.000000E+0	6.600000E-2	3.295380E-4	-2.005215E-4	2.650298E-4	2.650320E+0				0.000000E+0	0.000000E+0	0.000000E+0	0.000000E+0				0.000000E+0	0.000000E+0	0.000000E+0	0.000000E+0				0.000000E+0	0.000000E+0	0.000000E+0	0.000000E+0	1.321308E+3	1.000160E+2	1.000160E+2
1.953735E-2	-1.899452E-2	1.926593E-2	9.999621E-5	-1.000022E-4	9.999920E-5	1.681075E+2	0.000000E+0	6.600000E-2	1.889305E-2	-1.886508E-2	1.887906E-2	1.887921E+2				4.400788E-3	-4.366550E-3	4.383669E-3	4.383704E+1	1.675102E+2	0.000000E+0	6.600000E-2	3.306411E-4	-1.995470E-4	2.650940E-4	2.650961E+0				0.000000E+0	0.000000E+0	0.000000E+0	0.000000E+0				0.000000E+0	0.000000E+0	0.000000E+0	0.000000E+0				0.000000E+0	0.000000E+0	0.000000E+0	0.000000E+0	1.349772E+3	1.000160E+2	1.000160E+2
1.934872E-2	-1.880798E-2	1.907835E-2	9.999624E-5	-1.000022E-4	9.999922E-5	1.654844E+2	0.000000E+0	6.600000E-2	1.870874E-2	-1.867884E-2	1.869379E-2	1.869393E+2				4.337305E-3	-4.302310E-3	4.319807E-3	4.319841E+1	1.649573E+2	0.000000E+0	6.600000E-2	3.302367E-4	-1.963887E-4	2.633127E-4	2.633148E+0				0.000000E+0	0.000000E+0	0.000000E+0	0.000000E+0				0.000000E+0	0.000000E+0	0.000000E+0	0.000000E+0				0.000000E+0	0.000000E+0	0.000000E+0	0.000000E+0	1.378141E+3	1.000160E+2	1.000160E+2
1.916518E-2	-1.862535E-2	1.889527E-2	9.999616E-5	-1.000021E-4	9.999913E-5	1.629015E+2	0.000000E+0	6.600000E-2	1.852341E-2	-1.849433E-2	1.850887E-2	1.850903E+2				4.272650E-3	-4.237270E-3	4.254960E-3	4.254997E+1	1.623665E+2	0.000000E+0	6.600000E-2	3.314667E-4	-1.946924E-4	2.630795E-4	2.630818E+0				0.000000E+0	0.000000E+0	0.000000E+0	0.000000E+0				0.000000E+0	0.000000E+0	0.000000E+0	0.000000E+0				0.000000E+0	0.000000E+0	0.000000E+0	0.000000E+0	1.406762E+3	1.000160E+2	1.000160E+2
1.898270E-2	-1.844234E-2	1.871252E-2	9.999621E-5	-1.000022E-4	9.999920E-5	1.603423E+2	0.000000E+0	6.600000E-2	1.834167E-2	-1.831334E-2	1.832750E-2	1.832765E+2				4.212563E-3	-4.175583E-3	4.194073E-3	4.194106E+1	1.597826E+2	0.000000E+0	6.600000E-2	3.319872E-4	-1.929698E-4	2.624785E-4	2.624806E+0				0.000000E+0	0.000000E+0	0.000000E+0	0.000000E+0				0.000000E+0	0.000000E+0	0.000000E+0	0.000000E+0				0.000000E+0	0.000000E+0	0.000000E+0	0.000000E+0	1.435100E+3	1.000160E+2	1.000160E+2
1.795592E-2	-1.741510E-2	1.768551E-2	9.999622E-5	-1.000022E-4	9.999921E-5	1.577322E+2	0.000000E+0	6.600000E-2	1.731593E-2	-1.728634E-2	1.730114E-2	1.730127E+2				4.148780E-3	-4.111347E-3	4.130063E-3	4.130096E+1	1.572184E+2	0.000000E+0	6.600000E-2	3.320348E-4	-1.915413E-4	2.617881E-4	2.617901E+0				0.000000E+0	0.000000E+0	0.000000E+0	0.000000E+0				0.000000E+0	0.000000E+0	0.000000E+0	0.000000E+0				0.000000E+0	0.000000E+0	0.000000E+0	0.000000E+0	1.464291E+3	1.000160E+2	1.000160E+2
1.777592E-2	-1.723666E-2	1.750629E-2	9.999617E-5	-1.000021E-4	9.999914E-5	1.551979E+2	0.000000E+0	6.600000E-2	1.713610E-2	-1.710726E-2	1.712168E-2	1.712183E+2				4.085586E-3	-4.050073E-3	4.067829E-3	4.067864E+1	1.546410E+2	0.000000E+0	6.600000E-2	3.329566E-4	-1.907661E-4	2.618614E-4	2.618636E+0				0.000000E+0	0.000000E+0	0.000000E+0	0.000000E+0				0.000000E+0	0.000000E+0	0.000000E+0	0.000000E+0				0.000000E+0	0.000000E+0	0.000000E+0	0.000000E+0	1.492908E+3	1.000160E+2	1.000160E+2
1.760197E-2	-1.706367E-2	1.733282E-2	9.999621E-5	-1.000022E-4	9.999920E-5	1.526604E+2	0.000000E+0	6.600000E-2	1.696228E-2	-1.693494E-2	1.694861E-2	1.694874E+2				4.023937E-3	-3.988109E-3	4.006023E-3	4.006055E+1	1.521330E+2	0.000000E+0	6.600000E-2	3.329568E-4	-1.887126E-4	2.608347E-4	2.608368E+0				0.000000E+0	0.000000E+0	0.000000E+0	0.000000E+0				0.000000E+0	0.000000E+0	0.000000E+0	0.000000E+0				0.000000E+0	0.000000E+0	0.000000E+0	0.000000E+0	1.521936E+3	1.000160E+2	1.000160E+2
1.742592E-2	-1.688633E-2	1.715613E-2	9.999628E-5	-1.000022E-4	9.999924E-5	1.501299E+2	0.000000E+0	6.600000E-2	1.678459E-2	-1.675708E-2	1.677083E-2	1.677096E+2				3.962804E-3	-3.926900E-3	3.944852E-3	3.944882E+1	1.496365E+2	0.000000E+0	6.600000E-2	3.343246E-4	-1.878411E-4	2.610829E-4	2.610848E+0				0.000000E+0	0.000000E+0	0.000000E+0	0.000000E+0				0.000000E+0	0.000000E+0	0.000000E+0	0.000000E+0				0.000000E+0	0.000000E+0	0.000000E+0	0.000000E+0	1.550413E+3	1.000160E+2	1.000160E+2
1.725240E-2	-1.671371E-2	1.698306E-2	9.999625E-5	-1.000021E-4	9.999918E-5	1.476930E+2	0.000000E+0	6.600000E-2	1.661277E-2	-1.658665E-2	1.659971E-2	1.659984E+2				3.902519E-3	-3.867063E-3	3.884791E-3	3.884823E+1	1.471899E+2	0.000000E+0	6.600000E-2	3.327813E-4	-1.844158E-4	2.585985E-4	2.586007E+0				0.000000E+0	0.000000E+0	0.000000E+0	0.000000E+0				0.000000E+0	0.000000E+0	0.000000E+0	0.000000E+0				0.000000E+0	0.000000E+0	0.000000E+0	0.000000E+0	1.578804E+3	1.000160E+2	1.000160E+2
1.709371E-2	-1.655440E-2	1.682406E-2	9.999626E-5	-1.000021E-4	9.999918E-5	1.452792E+2	0.000000E+0	6.600000E-2	1.645213E-2	-1.642382E-2	1.643798E-2	1.643811E+2				3.842203E-3	-3.806530E-3	3.824366E-3	3.824398E+1	1.447661E+2	0.000000E+0	6.600000E-2	3.340608E-4	-1.824410E-4	2.582509E-4	2.582530E+0				0.000000E+0	0.000000E+0	0.000000E+0	0.000000E+0				0.000000E+0	0.000000E+0	0.000000E+0	0.000000E+0				0.000000E+0	0.000000E+0	0.000000E+0	0.000000E+0	1.607317E+3	1.000160E+2	1.000160E+2
1.692939E-2	-1.638708E-2	1.665824E-2	9.999629E-5	-1.000022E-4	9.999924E-5	1.428810E+2	0.000000E+0	6.600000E-2	1.628867E-2	-1.626190E-2	1.627529E-2	1.627541E+2				3.783038E-3	-3.747126E-3	3.765082E-3	3.765111E+1	1.423657E+2	0.000000E+0	6.600000E-2	3.329454E-4	-1.816648E-4	2.573051E-4	2.573071E+0				0.000000E+0	0.000000E+0	0.000000E+0	0.000000E+0				0.000000E+0	0.000000E+0	0.000000E+0	0.000000E+0				0.000000E+0	0.000000E+0	0.000000E+0	0.000000E+0	1.635802E+3	1.000160E+2	1.000160E+2
1.677117E-2	-1.623182E-2	1.650149E-2	9.999626E-5	-1.000021E-4	9.999918E-5	1.404793E+2	0.000000E+0	6.600000E-2	1.613116E-2	-1.610680E-2	1.611898E-2	1.611911E+2				3.722455E-3	-3.687937E-3	3.705196E-3	3.705226E+1	1.399631E+2	0.000000E+0	6.600000E-2	3.352566E-4	-1.809844E-4	2.581205E-4	2.581226E+0				0.000000E+0	0.000000E+0	0.000000E+0	0.000000E+0				0.000000E+0	0.000000E+0	0.000000E+0	0.000000E+0				0.000000E+0	0.000000E+0	0.000000E+0	0.000000E+0	1.664555E+3	1.000160E+2	1.000160E+2
1.661544E-2	-1.607351E-2	1.634447E-2	9.999626E-5	-1.000022E-4	9.999923E-5	1.380649E+2	0.000000E+0	6.600000E-2	1.597412E-2	-1.594996E-2	1.596204E-2	1.596216E+2				3.663242E-3	-3.628434E-3	3.645838E-3	3.645866E+1	1.375729E+2	0.000000E+0	6.600000E-2	3.343424E-4	-1.782093E-4	2.562759E-4	2.562778E+0				0.000000E+0	0.000000E+0	0.000000E+0	0.000000E+0				0.000000E+0	0.000000E+0	0.000000E+0	0.000000E+0				0.000000E+0	0.000000E+0	0.000000E+0	0.000000E+0	1.692985E+3	1.000160E+2	1.000160E+2
1.646652E-2	-1.592808E-2	1.619730E-2	9.999626E-5	-1.000022E-4	9.999923E-5	1.357342E+2	0.000000E+0	6.600000E-2	1.582569E-2	-1.580127E-2	1.581348E-2	1.581360E+2				3.604919E-3	-3.569932E-3	3.587425E-3	3.587453E+1	1.351990E+2	0.000000E+0	6.600000E-2	3.358237E-4	-1.780530E-4	2.569384E-4	2.569404E+0				0.000000E+0	0.000000E+0	0.000000E+0	0.000000E+0				0.000000E+0	0.000000E+0	0.000000E+0	0.000000E+0				0.000000E+0	0.000000E+0	0.000000E+0	0.000000E+0	1.721580E+3	1.000160E+2	1.000160E+2
1.631575E-2	-1.577730E-2	1.604652E-2	9.999628E-5	-1.000022E-4	9.999924E-5	1.333339E+2	0.000000E+0	6.600000E-2	1.567601E-2	-1.565110E-2	1.566355E-2	1.566367E+2				3.546132E-3	-3.511539E-3	3.528835E-3	3.528862E+1	1.328525E+2	0.000000E+0	6.600000E-2	3.346862E-4	-1.750675E-4	2.548769E-4	2.548788E+0				0.000000E+0	0.000000E+0	0.000000E+0	0.000000E+0				0.000000E+0	0.000000E+0	0.000000E+0	0.000000E+0				0.000000E+0	0.000000E+0	0.000000E+0	0.000000E+0	1.750275E+3	1.000160E+2	1.000160E+2
1.617222E-2	-1.562982E-2	1.590102E-2	9.999631E-5	-1.000022E-4	9.999926E-5	1.309964E+2	0.000000E+0	6.600000E-2	1.553075E-2	-1.550610E-2	1.551843E-2	1.551854E+2				3.489949E-3	-3.454294E-3	3.472122E-3	3.472148E+1	1.305138E+2	0.000000E+0	6.600000E-2	3.355735E-4	-1.744960E-4	2.550348E-4	2.550367E+0				0.000000E+0	0.000000E+0	0.000000E+0	0.000000E+0				0.000000E+0	0.000000E+0	0.000000E+0	0.000000E+0				0.000000E+0	0.000000E+0	0.000000E+0	0.000000E+0	1.778775E+3	1.000160E+2	1.000160E+2
1.602564E-2	-1.548247E-2	1.575405E-2	9.999628E-5	-1.000022E-4	9.999924E-5	1.286747E+2	0.000000E+0	6.600000E-2	1.538369E-2	-1.536145E-2	1.537257E-2	1.537269E+2				3.432351E-3	-3.397124E-3	3.414737E-3	3.414763E+1	1.281737E+2	0.000000E+0	6.600000E-2	3.358171E-4	-1.724336E-4	2.541253E-4	2.541272E+0				0.000000E+0	0.000000E+0	0.000000E+0	0.000000E+0				0.000000E+0	0.000000E+0	0.000000E+0	0.000000E+0				0.000000E+0	0.000000E+0	0.000000E+0	0.000000E+0	1.807623E+3	1.000160E+2	1.000160E+2
1.588492E-2	-1.533642E-2	1.561067E-2	9.999632E-5	-1.000022E-4	9.999926E-5	1.263483E+2	0.000000E+0	6.600000E-2	1.523930E-2	-1.521420E-2	1.522675E-2	1.522686E+2				3.375120E-3	-3.338967E-3	3.357044E-3	3.357068E+1	1.258683E+2	0.000000E+0	6.600000E-2	3.357096E-4	-1.705242E-4	2.531169E-4	2.531188E+0				0.000000E+0	0.000000E+0	0.000000E+0	0.000000E+0				0.000000E+0	0.000000E+0	0.000000E+0	0.000000E+0				0.000000E+0	0.000000E+0	0.000000E+0	0.000000E+0	1.836012E+3	1.000160E+2	1.000160E+2
1.572375E-2	-1.517730E-2	1.545052E-2	9.999627E-5	-1.000022E-4	9.999923E-5	1.240450E+2	0.000000E+0	6.600000E-2	1.507971E-2	-1.505466E-2	1.506719E-2	1.506730E+2				3.318857E-3	-3.283366E-3	3.301112E-3	3.301137E+1	1.235694E+2	0.000000E+0	6.600000E-2	3.365079E-4	-1.687397E-4	2.526238E-4	2.526258E+0				0.000000E+0	0.000000E+0	0.000000E+0	0.000000E+0				0.000000E+0	0.000000E+0	0.000000E+0	0.000000E+0				0.000000E+0	0.000000E+0	0.000000E+0	0.000000E+0	1.864606E+3	1.000160E+2	1.000160E+2
1.571259E-2	-1.516409E-2	1.543834E-2	9.999625E-5	-1.000022E-4	9.999922E-5	1.216956E+2	0.000000E+0	6.600000E-2	1.506738E-2	-1.504226E-2	1.505482E-2	1.505494E+2				3.262232E-3	-3.226773E-3	3.244503E-3	3.244528E+1	1.212253E+2	0.000000E+0	6.600000E-2	3.358527E-4	-1.669584E-4	2.514055E-4	2.514075E+0				0.000000E+0	0.000000E+0	0.000000E+0	0.000000E+0				0.000000E+0	0.000000E+0	0.000000E+0	0.000000E+0				0.000000E+0	0.000000E+0	0.000000E+0	0.000000E+0	1.893741E+3	1.000160E+2	1.000160E+2
1.555042E-2	-1.500177E-2	1.527609E-2	9.999629E-5	-1.000022E-4	9.999924E-5	1.194348E+2	0.000000E+0	6.600000E-2	1.490398E-2	-1.487714E-2	1.489056E-2	1.489067E+2				3.205547E-3	-3.171257E-3	3.188402E-3	3.188426E+1	1.189621E+2	0.000000E+0	6.600000E-2	3.375290E-4	-1.661266E-4	2.518278E-4	2.518297E+0				0.000000E+0	0.000000E+0	0.000000E+0	0.000000E+0				0.000000E+0	0.000000E+0	0.000000E+0	0.000000E+0				0.000000E+0	0.000000E+0	0.000000E+0	0.000000E+0	1.922340E+3	1.000160E+2	1.000160E+2
1.538806E-2	-1.483998E-2	1.511402E-2	9.999623E-5	-1.000022E-4	9.999921E-5	1.171329E+2	0.000000E+0	6.600000E-2	1.473969E-2	-1.471220E-2	1.472595E-2	1.472606E+2				3.149782E-3	-3.115636E-3	3.132709E-3	3.132734E+1	1.166600E+2	0.000000E+0	6.600000E-2	3.372678E-4	-1.649883E-4	2.511281E-4	2.511300E+0				0.000000E+0	0.000000E+0	0.000000E+0	0.000000E+0				0.000000E+0	0.000000E+0	0.000000E+0	0.000000E+0				0.000000E+0	0.000000E+0	0.000000E+0	0.000000E+0	1.951362E+3	1.000160E+2	1.000160E+2
1.522656E-2	-1.468282E-2	1.495469E-2	9.999619E-5	-1.000022E-4	9.999919E-5	1.148581E+2	0.000000E+0	6.600000E-2	1.458117E-2	-1.455468E-2	1.456792E-2	1.456804E+2				3.094935E-3	-3.062727E-3	3.078831E-3	3.078856E+1	1.143774E+2	0.000000E+0	6.600000E-2	3.373850E-4	-1.626107E-4	2.499979E-4	2.499999E+0				0.000000E+0	0.000000E+0	0.000000E+0	0.000000E+0				0.000000E+0	0.000000E+0	0.000000E+0	0.000000E+0				0.000000E+0	0.000000E+0	0.000000E+0	0.000000E+0	1.979921E+3	1.000160E+2	1.000160E+2
1.507225E-2	-1.452813E-2	1.480019E-2	9.999624E-5	-1.000022E-4	9.999922E-5	1.126180E+2	0.000000E+0	6.600000E-2	1.443097E-2	-1.440425E-2	1.441761E-2	1.441772E+2				3.041249E-3	-3.008842E-3	3.025046E-3	3.025069E+1	1.121414E+2	0.000000E+0	6.600000E-2	3.363467E-4	-1.616143E-4	2.489805E-4	2.489824E+0				0.000000E+0	0.000000E+0	0.000000E+0	0.000000E+0				0.000000E+0	0.000000E+0	0.000000E+0	0.000000E+0				0.000000E+0	0.000000E+0	0.000000E+0	0.000000E+0	2.008466E+3	1.000160E+2	1.000160E+2
1.494870E-2	-1.441016E-2	1.467943E-2	9.999622E-5	-1.000022E-4	9.999921E-5	1.103811E+2	0.000000E+0	6.600000E-2	1.430744E-2	-1.428811E-2	1.429778E-2	1.429789E+2				2.986958E-3	-2.954713E-3	2.970836E-3	2.970859E+1	1.099364E+2	0.000000E+0	6.600000E-2	3.384978E-4	-1.591435E-4	2.488206E-4	2.488226E+0				0.000000E+0	0.000000E+0	0.000000E+0	0.000000E+0				0.000000E+0	0.000000E+0	0.000000E+0	0.000000E+0				0.000000E+0	0.000000E+0	0.000000E+0	0.000000E+0	2.036779E+3	1.000160E+2	1.000160E+2
1.444325E-2	-1.389585E-2	1.416955E-2	9.999624E-5	-1.000022E-4	9.999922E-5	1.081355E+2	0.000000E+0	6.600000E-2	1.379734E-2	-1.376907E-2	1.378321E-2	1.378331E+2				2.933790E-3	-2.900767E-3	2.917279E-3	2.917301E+1	1.076693E+2	0.000000E+0	6.600000E-2	3.389806E-4	-1.567851E-4	2.478828E-4	2.478848E+0				0.000000E+0	0.000000E+0	0.000000E+0	0.000000E+0				0.000000E+0	0.000000E+0	0.000000E+0	0.000000E+0				0.000000E+0	0.000000E+0	0.000000E+0	0.000000E+0	2.065701E+3	1.000160E+2	1.000160E+2
1.428542E-2	-1.373820E-2	1.401181E-2	9.999622E-5	-1.000021E-4	9.999916E-5	1.059288E+2	0.000000E+0	6.600000E-2	1.363777E-2	-1.361113E-2	1.362445E-2	1.362456E+2				2.880346E-3	-2.848507E-3	2.864426E-3	2.864450E+1	1.054378E+2	0.000000E+0	6.600000E-2	3.379056E-4	-1.550258E-4	2.464657E-4	2.464678E+0				0.000000E+0	0.000000E+0	0.000000E+0	0.000000E+0				0.000000E+0	0.000000E+0	0.000000E+0	0.000000E+0				0.000000E+0	0.000000E+0	0.000000E+0	0.000000E+0	2.094232E+3	1.000160E+2	1.000160E+2
1.412735E-2	-1.358018E-2	1.385377E-2	9.999620E-5	-1.000022E-4	9.999920E-5	1.036903E+2	0.000000E+0	6.600000E-2	1.347955E-2	-1.345246E-2	1.346601E-2	1.346611E+2				2.828531E-3	-2.796566E-3	2.812548E-3	2.812571E+1	1.032344E+2	0.000000E+0	6.600000E-2	3.389320E-4	-1.548876E-4	2.469098E-4	2.469118E+0				0.000000E+0	0.000000E+0	0.000000E+0	0.000000E+0				0.000000E+0	0.000000E+0	0.000000E+0	0.000000E+0				0.000000E+0	0.000000E+0	0.000000E+0	0.000000E+0	2.122688E+3	1.000160E+2	1.000160E+2
1.397190E-2	-1.342411E-2	1.369800E-2	9.999621E-5	-1.000022E-4	9.999920E-5	1.015088E+2	0.000000E+0	6.600000E-2	1.332332E-2	-1.329512E-2	1.330922E-2	1.330933E+2				2.776122E-3	-2.744853E-3	2.760488E-3	2.760509E+1	1.010396E+2	0.000000E+0	6.600000E-2	3.387239E-4	-1.539684E-4	2.463462E-4	2.463482E+0				0.000000E+0	0.000000E+0	0.000000E+0	0.000000E+0				0.000000E+0	0.000000E+0	0.000000E+0	0.000000E+0				0.000000E+0	0.000000E+0	0.000000E+0	0.000000E+0	2.151326E+3	1.000160E+2	1.000160E+2
1.383753E-2	-1.328764E-2	1.356259E-2	9.999624E-5	-1.000021E-4	9.999917E-5	9.931210E+1	0.000000E+0	6.600000E-2	1.318773E-2	-1.316094E-2	1.317433E-2	1.317444E+2				2.725799E-3	-2.693978E-3	2.709888E-3	2.709911E+1	9.883630E+1	0.000000E+0	6.600000E-2	3.393048E-4	-1.512132E-4	2.452590E-4	2.452610E+0				0.000000E+0	0.000000E+0	0.000000E+0	0.000000E+0				0.000000E+0	0.000000E+0	0.000000E+0	0.000000E+0				0.000000E+0	0.000000E+0	0.000000E+0	0.000000E+0	2.179741E+3	1.000160E+2	1.000160E+2
1.367779E-2	-1.312938E-2	1.340358E-2	9.999623E-5	-1.000022E-4	9.999921E-5	9.713265E+1	0.000000E+0	6.600000E-2	1.303113E-2	-2.103258E-1	1.116785E-1	1.116793E+3				2.675622E-3	-2.642536E-3	2.659079E-3	2.659100E+1	9.663770E+1	0.000000E+0	6.600000E-2	3.408278E-4	-1.491312E-4	2.449795E-4	2.449814E+0				0.000000E+0	0.000000E+0	0.000000E+0	0.000000E+0				0.000000E+0	0.000000E+0	0.000000E+0	0.000000E+0				0.000000E+0	0.000000E+0	0.000000E+0	0.000000E+0	2.208614E+3	1.000160E+2	1.000160E+2
1.349668E-2	-1.294785E-2	1.322227E-2	9.999617E-5	-1.000022E-4	9.999918E-5	9.486440E+1	0.000000E+0	6.600000E-2	1.285236E-2	-1.282235E-2	1.283735E-2	1.283746E+2				2.624666E-3	-2.592582E-3	2.608624E-3	2.608645E+1	9.439500E+1	0.000000E+0	6.600000E-2	3.405500E-4	-1.472940E-4	2.439220E-4	2.439240E+0				0.000000E+0	0.000000E+0	0.000000E+0	0.000000E+0				0.000000E+0	0.000000E+0	0.000000E+0	0.000000E+0				0.000000E+0	0.000000E+0	0.000000E+0	0.000000E+0	2.237627E+3	1.000160E+2	1.000160E+2
1.334190E-2	-1.279292E-2	1.306741E-2	9.999618E-5	-1.000022E-4	9.999919E-5	9.269460E+1	0.000000E+0	6.600000E-2	1.269589E-2	-1.266598E-2	1.268093E-2	1.268103E+2				2.574846E-3	-2.542572E-3	2.558709E-3	2.558730E+1	9.224450E+1	0.000000E+0	6.600000E-2	3.406940E-4	-1.456968E-4	2.431954E-4	2.431974E+0				0.000000E+0	0.000000E+0	0.000000E+0	0.000000E+0				0.000000E+0	0.000000E+0	0.000000E+0	0.000000E+0				0.000000E+0	0.000000E+0	0.000000E+0	0.000000E+0	2.266149E+3	1.000160E+2	1.000160E+2
1.317964E-2	-1.263189E-2	1.290576E-2	9.999618E-5	-1.000021E-4	9.999914E-5	9.050880E+1	0.000000E+0	6.600000E-2	1.253787E-2	-1.250598E-2	1.252192E-2	1.252203E+2				2.525669E-3	-2.494034E-3	2.509852E-3	2.509873E+1	9.003820E+1	0.000000E+0	6.600000E-2	3.414544E-4	-1.440847E-4	2.427696E-4	2.427716E+0				0.000000E+0	0.000000E+0	0.000000E+0	0.000000E+0				0.000000E+0	0.000000E+0	0.000000E+0	0.000000E+0				0.000000E+0	0.000000E+0	0.000000E+0	0.000000E+0	2.294796E+3	1.000160E+2	1.000160E+2
1.302767E-2	-1.248255E-2	1.275511E-2	9.999616E-5	-1.000022E-4	9.999918E-5	8.832715E+1	0.000000E+0	6.600000E-2	1.238500E-2	-1.235452E-2	1.236976E-2	1.236987E+2				2.476104E-3	-2.445757E-3	2.460931E-3	2.460951E+1	8.788235E+1	0.000000E+0	6.600000E-2	3.417341E-4	-1.434897E-4	2.426119E-4	2.426139E+0				0.000000E+0	0.000000E+0	0.000000E+0	0.000000E+0				0.000000E+0	0.000000E+0	0.000000E+0	0.000000E+0				0.000000E+0	0.000000E+0	0.000000E+0	0.000000E+0	2.323263E+3	1.000160E+2	1.000160E+2
1.361108E-2	-1.306267E-2	1.333687E-2	9.999618E-5	-1.000022E-4	9.999919E-5	8.611520E+1	0.000000E+0	6.600000E-2	1.296658E-2	-1.293560E-2	1.295109E-2	1.295119E+2				2.427456E-3	-2.397253E-3	2.412354E-3	2.412374E+1	8.565000E+1	0.000000E+0	6.600000E-2	3.413590E-4	-1.420831E-4	2.417210E-4	2.417230E+0				0.000000E+0	0.000000E+0	0.000000E+0	0.000000E+0				0.000000E+0	0.000000E+0	0.000000E+0	0.000000E+0				0.000000E+0	0.000000E+0	0.000000E+0	0.000000E+0	2.352315E+3	1.000160E+2	1.000160E+2
1.344385E-2	-1.289639E-2	1.317012E-2	9.999620E-5	-1.000021E-4	9.999915E-5	8.393630E+1	0.000000E+0	6.600000E-2	1.279811E-2	-1.276618E-2	1.278214E-2	1.278225E+2				2.378613E-3	-2.350776E-3	2.364695E-3	2.364715E+1	8.346990E+1	0.000000E+0	6.600000E-2	3.420136E-4	-1.399093E-4	2.409614E-4	2.409635E+0				0.000000E+0	0.000000E+0	0.000000E+0	0.000000E+0				0.000000E+0	0.000000E+0	0.000000E+0	0.000000E+0				0.000000E+0	0.000000E+0	0.000000E+0	0.000000E+0	2.380751E+3	1.000160E+2	1.000160E+2
1.329565E-2	-1.274748E-2	1.302156E-2	9.999618E-5	-1.000021E-4	9.999914E-5	8.174975E+1	0.000000E+0	6.600000E-2	1.265090E-2	-1.261878E-2	1.263484E-2	1.263495E+2				2.332277E-3	-2.305110E-3	2.318694E-3	2.318714E+1	8.130640E+1	0.000000E+0	6.600000E-2	3.416775E-4	-1.393863E-4	2.405319E-4	2.405340E+0				0.000000E+0	0.000000E+0	0.000000E+0	0.000000E+0				0.000000E+0	0.000000E+0	0.000000E+0	0.000000E+0				0.000000E+0	0.000000E+0	0.000000E+0	0.000000E+0	2.409087E+3	1.000160E+2	1.000160E+2
1.312671E-2	-1.234136E-2	1.273403E-2	9.999621E-5	-1.000021E-4	9.999916E-5	7.950835E+1	0.000000E+0	6.600000E-2	2.096771E-1	-1.221241E-2	1.109447E-1	1.109457E+3				2.282965E-3	-2.258108E-3	2.270537E-3	2.270556E+1	7.902115E+1	0.000000E+0	6.600000E-2	3.409869E-4	-1.369873E-4	2.389871E-4	2.389891E+0				0.000000E+0	0.000000E+0	0.000000E+0	0.000000E+0				0.000000E+0	0.000000E+0	0.000000E+0	0.000000E+0				0.000000E+0	0.000000E+0	0.000000E+0	0.000000E+0	2.438820E+3	1.000160E+2	1.000160E+2
1.283236E-2	-1.228366E-2	1.255801E-2	9.999618E-5	-1.000021E-4	9.999914E-5	7.725900E+1	0.000000E+0	6.600000E-2	1.218955E-2	-1.215593E-2	1.217274E-2	1.217285E+2				2.236836E-3	-2.213075E-3	2.224956E-3	2.224975E+1	7.676015E+1	0.000000E+0	6.600000E-2	3.424327E-4	-1.366612E-4	2.395469E-4	2.395490E+0				0.000000E+0	0.000000E+0	0.000000E+0	0.000000E+0				0.000000E+0	0.000000E+0	0.000000E+0	0.000000E+0				0.000000E+0	0.000000E+0	0.000000E+0	0.000000E+0	2.467592E+3	1.000160E+2	1.000160E+2
1.266356E-2	-1.211581E-2	1.238969E-2	9.999615E-5	-1.000021E-4	9.999913E-5	7.500490E+1	0.000000E+0	6.600000E-2	1.201733E-2	-1.198682E-2	1.200208E-2	1.200218E+2				2.190354E-3	-2.168868E-3	2.179611E-3	2.179630E+1	7.454740E+1	0.000000E+0	6.600000E-2	3.420513E-4	-1.354040E-4	2.387276E-4	2.387297E+0				0.000000E+0	0.000000E+0	0.000000E+0	0.000000E+0				0.000000E+0	0.000000E+0	0.000000E+0	0.000000E+0				0.000000E+0	0.000000E+0	0.000000E+0	0.000000E+0	2.496034E+3	1.000160E+2	1.000160E+2
1.290283E-2	-1.362419E-2	1.326351E-2	9.999621E-5	-1.000021E-4	9.999916E-5	7.278200E+1	0.000000E+0	6.600000E-2	1.353167E-2	-1.349480E-2	1.351324E-2	1.351335E+2				2.146417E-3	-2.125651E-3	2.136034E-3	2.136052E+1	7.231600E+1	0.000000E+0	6.600000E-2	3.425055E-4	-1.345511E-4	2.385283E-4	2.385303E+0				0.000000E+0	0.000000E+0	0.000000E+0	0.000000E+0				0.000000E+0	0.000000E+0	0.000000E+0	0.000000E+0				0.000000E+0	0.000000E+0	0.000000E+0	0.000000E+0	2.524617E+3	1.000160E+2	1.000160E+2
1.418285E-2	-1.363988E-2	1.391137E-2	9.999611E-5	-1.000022E-4	9.999916E-5	7.050185E+1	0.000000E+0	6.600000E-2	1.353978E-2	-1.350978E-2	1.352478E-2	1.352489E+2				2.102362E-3	-2.082804E-3	2.092583E-3	2.092600E+1	7.002185E+1	0.000000E+0	6.600000E-2	3.422427E-4	-1.330074E-4	2.376251E-4	2.376271E+0				0.000000E+0	0.000000E+0	0.000000E+0	0.000000E+0				0.000000E+0	0.000000E+0	0.000000E+0	0.000000E+0				0.000000E+0	0.000000E+0	0.000000E+0	0.000000E+0	2.553321E+3	1.000160E+2	1.000160E+2
1.403837E-2	-1.349754E-2	1.376796E-2	9.999613E-5	-1.000021E-4	9.999912E-5	6.822180E+1	0.000000E+0	6.600000E-2	1.339697E-2	-1.336887E-2	1.338292E-2	1.338304E+2				2.060240E-3	-2.040258E-3	2.050249E-3	2.050267E+1	6.774435E+1	0.000000E+0	6.600000E-2	3.431697E-4	-1.314630E-4	2.373164E-4	2.373185E+0				0.000000E+0	0.000000E+0	0.000000E+0	0.000000E+0				0.000000E+0	0.000000E+0	0.000000E+0	0.000000E+0				0.000000E+0	0.000000E+0	0.000000E+0	0.000000E+0	2.581815E+3	1.000160E+2	1.000160E+2
1.398187E-2	-1.343961E-2	1.371074E-2	9.999618E-5	-1.000021E-4	9.999914E-5	6.591455E+1	0.000000E+0	6.600000E-2	1.333980E-2	-1.623481E-2	1.478730E-2	1.478743E+2				2.015589E-3	-1.999148E-3	2.007369E-3	2.007386E+1	6.541670E+1	0.000000E+0	6.600000E-2	3.428172E-4	-1.300894E-4	2.364533E-4	2.364553E+0				0.000000E+0	0.000000E+0	0.000000E+0	0.000000E+0				0.000000E+0	0.000000E+0	0.000000E+0	0.000000E+0				0.000000E+0	0.000000E+0	0.000000E+0	0.000000E+0	2.610585E+3	1.000160E+2	1.000160E+2
7.722540E-2	-7.329865E-2	7.526203E-2	9.999617E-5	-1.000021E-4	9.999914E-5	6.351405E+1	0.000000E+0	6.600000E-2	7.657939E-2	-7.315850E-2	7.486894E-2	7.486959E+2				1.974868E-3	-1.956809E-3	1.965839E-3	1.965856E+1	6.300340E+1	0.000000E+0	6.600000E-2	3.409554E-4	-1.298981E-4	2.354267E-4	2.354288E+0				0.000000E+0	0.000000E+0	0.000000E+0	0.000000E+0				0.000000E+0	0.000000E+0	0.000000E+0	0.000000E+0				0.000000E+0	0.000000E+0	0.000000E+0	0.000000E+0	2.639553E+3	1.000160E+2	1.000160E+2
3.163080E-2	-3.082910E-2	3.122995E-2	9.999618E-5	-1.000021E-4	9.999914E-5	6.101045E+1	0.000000E+0	6.600000E-2	3.083148E-2	-3.072789E-2	3.077969E-2	3.077995E+2				1.933932E-3	-1.915894E-3	1.924913E-3	1.924930E+1	6.051980E+1	0.000000E+0	6.600000E-2	3.417211E-4	-1.298140E-4	2.357675E-4	2.357696E+0				0.000000E+0	0.000000E+0	0.000000E+0	0.000000E+0				0.000000E+0	0.000000E+0	0.000000E+0	0.000000E+0				0.000000E+0	0.000000E+0	0.000000E+0	0.000000E+0	2.669117E+3	1.000160E+2	1.000160E+2
1.665087E-2	-1.611452E-2	1.638270E-2	9.999616E-5	-1.000021E-4	9.999913E-5	5.852335E+1	0.000000E+0	6.600000E-2	1.601227E-2	-1.598241E-2	1.599734E-2	1.599748E+2				1.893271E-3	-1.877751E-3	1.885511E-3	1.885527E+1	5.802210E+1	0.000000E+0	6.600000E-2	3.410927E-4	-1.275301E-4	2.343114E-4	2.343134E+0				0.000000E+0	0.000000E+0	0.000000E+0	0.000000E+0				0.000000E+0	0.000000E+0	0.000000E+0	0.000000E+0				0.000000E+0	0.000000E+0	0.000000E+0	0.000000E+0	2.697969E+3	1.000160E+2	1.000160E+2
1.580586E-2	-1.524606E-2	1.552596E-2	9.999616E-5	-1.000021E-4	9.999913E-5	5.599650E+1	0.000000E+0	6.600000E-2	1.515996E-2	-1.510660E-2	1.513328E-2	1.513341E+2				1.854069E-3	-1.837871E-3	1.845970E-3	1.845986E+1	5.540160E+1	0.000000E+0	6.600000E-2	3.415508E-4	-1.261642E-4	2.338575E-4	2.338595E+0				0.000000E+0	0.000000E+0	0.000000E+0	0.000000E+0				0.000000E+0	0.000000E+0	0.000000E+0	0.000000E+0				0.000000E+0	0.000000E+0	0.000000E+0	0.000000E+0	2.727544E+3	1.000160E+2	1.000160E+2
2.018704E-2	-1.963110E-2	1.990907E-2	9.999618E-5	-1.000021E-4	9.999914E-5	5.325730E+1	0.000000E+0	6.600000E-2	1.954188E-2	-1.949662E-2	1.951925E-2	1.951942E+2				1.814626E-3	-1.800765E-3	1.807696E-3	1.807711E+1	5.264665E+1	0.000000E+0	6.600000E-2	3.413522E-4	-1.264134E-4	2.338828E-4	2.338848E+0				0.000000E+0	0.000000E+0	0.000000E+0	0.000000E+0				0.000000E+0	0.000000E+0	0.000000E+0	0.000000E+0				0.000000E+0	0.000000E+0	0.000000E+0	0.000000E+0	2.757491E+3	1.000160E+2	1.000160E+2
1.650052E-2	-1.595817E-2	1.622934E-2	9.999613E-5	-1.000021E-4	9.999912E-5	5.040860E+1	0.000000E+0	6.600000E-2	1.584965E-2	-1.581958E-2	1.583461E-2	1.583475E+2				1.777245E-3	-1.763849E-3	1.770547E-3	1.770563E+1	4.978640E+1	0.000000E+0	6.600000E-2	3.409090E-4	-1.247056E-4	2.328073E-4	2.328094E+0				0.000000E+0	0.000000E+0	0.000000E+0	0.000000E+0				0.000000E+0	0.000000E+0	0.000000E+0	0.000000E+0				0.000000E+0	0.000000E+0	0.000000E+0	0.000000E+0	2.787378E+3	1.000160E+2	1.000160E+2
1.655917E-2	-1.601343E-2	1.628630E-2	9.999621E-5	-1.000021E-4	9.999916E-5	4.742730E+1	0.000000E+0	6.600000E-2	1.591464E-2	-1.587675E-2	1.589569E-2	1.589583E+2				1.741026E-3	-1.728525E-3	1.734775E-3	1.734790E+1	4.676770E+1	0.000000E+0	6.600000E-2	3.412514E-4	-1.240889E-4	2.326701E-4	2.326721E+0				0.000000E+0	0.000000E+0	0.000000E+0	0.000000E+0				0.000000E+0	0.000000E+0	0.000000E+0	0.000000E+0				0.000000E+0	0.000000E+0	0.000000E+0	0.000000E+0	2.817303E+3	1.000160E+2	1.000160E+2
1.092939E-2	-1.038761E-2	1.065850E-2	9.999616E-5	-1.000021E-4	9.999913E-5	4.429215E+1	0.000000E+0	6.600000E-2	1.028746E-2	-1.025457E-2	1.027101E-2	1.027110E+2				1.706087E-3	-1.693143E-3	1.699615E-3	1.699630E+1	4.359775E+1	0.000000E+0	6.600000E-2	3.404974E-4	-1.226541E-4	2.315758E-4	2.315778E+0				0.000000E+0	0.000000E+0	0.000000E+0	0.000000E+0				0.000000E+0	0.000000E+0	0.000000E+0	0.000000E+0				0.000000E+0	0.000000E+0	0.000000E+0	0.000000E+0	2.847317E+3	1.000160E+2	1.000160E+2
1.070890E-2	-1.023226E-2	1.047058E-2	9.999618E-5	-1.000021E-4	9.999914E-5	4.094580E+1	0.000000E+0	6.600000E-2	1.013002E-2	-1.101734E-2	1.057368E-2	1.057377E+2				1.671902E-3	-1.659796E-3	1.665849E-3	1.665863E+1	4.019430E+1	0.000000E+0	6.600000E-2	3.409862E-4	-1.219601E-4	2.314732E-4	2.314752E+0				0.000000E+0	0.000000E+0	0.000000E+0	0.000000E+0				0.000000E+0	0.000000E+0	0.000000E+0	0.000000E+0				0.000000E+0	0.000000E+0	0.000000E+0	0.000000E+0	2.877329E+3	1.000160E+2	1.000160E+2
1.758833E-2	-1.712236E-2	1.735535E-2	9.999618E-5	-1.000021E-4	9.999914E-5	3.730035E+1	0.000000E+0	6.600000E-2	1.701562E-2	-1.711681E-2	1.706621E-2	1.706636E+2				1.643325E-3	-1.631123E-3	1.637224E-3	1.637238E+1	3.646385E+1	0.000000E+0	6.600000E-2	3.398140E-4	-1.209501E-4	2.303820E-4	2.303840E+0				0.000000E+0	0.000000E+0	0.000000E+0	0.000000E+0				0.000000E+0	0.000000E+0	0.000000E+0	0.000000E+0				0.000000E+0	0.000000E+0	0.000000E+0	0.000000E+0	2.907037E+3	1.000160E+2	1.000160E+2
1.059914E-2	-1.005554E-2	1.032734E-2	9.999620E-5	-1.000021E-4	9.999915E-5	3.321720E+1	0.000000E+0	6.600000E-2	9.956335E-3	-1.012864E-2	1.004249E-2	1.004257E+2				1.616565E-3	-1.606959E-3	1.611762E-3	1.611776E+1	3.226585E+1	0.000000E+0	6.600000E-2	3.402873E-4	-1.210767E-4	2.306820E-4	2.306840E+0				0.000000E+0	0.000000E+0	0.000000E+0	0.000000E+0				0.000000E+0	0.000000E+0	0.000000E+0	0.000000E+0				0.000000E+0	0.000000E+0	0.000000E+0	0.000000E+0	2.936910E+3	1.000160E+2	1.000160E+2
1.516428E-2	-1.070952E-2	1.293690E-2	9.999624E-5	-1.000021E-4	9.999917E-5	2.849575E+1	0.000000E+0	6.600000E-2	1.061459E-2	-1.058155E-2	1.059807E-2	1.059816E+2				1.594762E-3	-1.585028E-3	1.589895E-3	1.589908E+1	2.740120E+1	0.000000E+0	6.600000E-2	3.397389E-4	-1.196175E-4	2.296782E-4	2.296801E+0				0.000000E+0	0.000000E+0	0.000000E+0	0.000000E+0				0.000000E+0	0.000000E+0	0.000000E+0	0.000000E+0				0.000000E+0	0.000000E+0	0.000000E+0	0.000000E+0	2.966766E+3	1.000160E+2	1.000160E+2
1.078010E-2	-1.022720E-2	1.050365E-2	9.999621E-5	-1.000022E-4	9.999920E-5	2.298915E+1	0.000000E+0	6.600000E-2	1.013613E-2	-1.006276E-2	1.009944E-2	1.009952E+2				1.578305E-3	-1.568888E-3	1.573596E-3	1.573609E+1	2.163480E+1	0.000000E+0	6.600000E-2	3.375985E-4	-1.198910E-4	2.287448E-4	2.287466E+0				0.000000E+0	0.000000E+0	0.000000E+0	0.000000E+0				0.000000E+0	0.000000E+0	0.000000E+0	0.000000E+0				0.000000E+0	0.000000E+0	0.000000E+0	0.000000E+0	2.996616E+3	1.000160E+2	1.000160E+2
1.125770E-2	-1.171832E-2	1.148801E-2	9.999624E-5	-1.000021E-4	9.999917E-5	1.586655E+1	0.000000E+0	6.600000E-2	1.160829E-2	-1.350673E-2	1.255751E-2	1.255762E+2				1.567328E-3	-1.558067E-3	1.562698E-3	1.562711E+1	1.404330E+1	0.000000E+0	6.600000E-2	3.370448E-4	-1.209679E-4	2.290064E-4	2.290083E+0				0.000000E+0	0.000000E+0	0.000000E+0	0.000000E+0				0.000000E+0	0.000000E+0	0.000000E+0	0.000000E+0				0.000000E+0	0.000000E+0	0.000000E+0	0.000000E+0	3.026453E+3	1.000160E+2	1.000160E+2
1.195664E-2	-1.207266E-2	1.201465E-2	9.999626E-5	-1.000021E-4	9.999918E-5	9.627550E+0	0.000000E+0	6.600000E-2	1.132587E-2	-1.285490E-2	1.209038E-2	1.209048E+2				1.563497E-3	-1.554672E-3	1.559084E-3	1.559097E+1	9.739050E+0	0.000000E+0	6.600000E-2	3.364364E-4	-1.210570E-4	2.287467E-4	2.287486E+0				0.000000E+0	0.000000E+0	0.000000E+0	0.000000E+0				0.000000E+0	0.000000E+0	0.000000E+0	0.000000E+0				0.000000E+0	0.000000E+0	0.000000E+0	0.000000E+0	3.055372E+3	1.000160E+2	1.000160E+2
1.144242E-2	-1.092315E-2	1.118279E-2	9.999622E-5	-1.000021E-4	9.999916E-5	9.686150E+0	0.000000E+0	6.600000E-2	1.081164E-2	-1.080602E-2	1.080883E-2	1.080892E+2				1.562641E-3	-1.555000E-3	1.558820E-3	1.558833E+1	9.665200E+0	0.000000E+0	6.600000E-2	3.366465E-4	-1.195994E-4	2.281230E-4	2.281249E+0				0.000000E+0	0.000000E+0	0.000000E+0	0.000000E+0				0.000000E+0	0.000000E+0	0.000000E+0	0.000000E+0				0.000000E+0	0.000000E+0	0.000000E+0	0.000000E+0	3.084278E+3	1.000160E+2	1.000160E+2
9.313392E-3	-8.795309E-3	9.054350E-3	9.999624E-5	-1.000021E-4	9.999917E-5	9.583650E+0	0.000000E+0	6.600000E-2	8.680006E-3	-8.675772E-3	8.677889E-3	8.677961E+1				1.562298E-3	-1.554713E-3	1.558506E-3	1.558519E+1	9.560750E+0	0.000000E+0	6.600000E-2	3.362510E-4	-1.200355E-4	2.281433E-4	2.281452E+0				0.000000E+0	0.000000E+0	0.000000E+0	0.000000E+0				0.000000E+0	0.000000E+0	0.000000E+0	0.000000E+0				0.000000E+0	0.000000E+0	0.000000E+0	0.000000E+0	3.112614E+3	1.000160E+2	1.000160E+2
9.319067E-3	-8.798743E-3	9.058905E-3	9.999625E-5	-1.000021E-4	9.999918E-5	9.474350E+0	0.000000E+0	6.600000E-2	8.684239E-3	-8.679713E-3	8.681976E-3	8.682048E+1				1.561838E-3	-1.552756E-3	1.557297E-3	1.557310E+1	9.451100E+0	0.000000E+0	6.600000E-2	3.359261E-4	-1.204671E-4	2.281966E-4	2.281985E+0				0.000000E+0	0.000000E+0	0.000000E+0	0.000000E+0				0.000000E+0	0.000000E+0	0.000000E+0	0.000000E+0				0.000000E+0	0.000000E+0	0.000000E+0	0.000000E+0	3.141331E+3	1.000160E+2	1.000160E+2
9.319782E-3	-8.798552E-3	9.059167E-3	9.999619E-5	-1.000022E-4	9.999919E-5	9.365250E+0	0.000000E+0	6.600000E-2	8.684166E-3	-8.678309E-3	8.681238E-3	8.681308E+1				1.561485E-3	-1.554243E-3	1.557864E-3	1.557876E+1	9.340750E+0	0.000000E+0	6.600000E-2	3.362446E-4	-1.199090E-4	2.280768E-4	2.280787E+0				0.000000E+0	0.000000E+0	0.000000E+0	0.000000E+0				0.000000E+0	0.000000E+0	0.000000E+0	0.000000E+0				0.000000E+0	0.000000E+0	0.000000E+0	0.000000E+0	3.169759E+3	1.000160E+2	1.000160E+2
9.312821E-3	-8.793211E-3	9.053016E-3	9.999625E-5	-1.000021E-4	9.999918E-5	9.258550E+0	0.000000E+0	6.600000E-2	8.681328E-3	-8.678683E-3	8.680005E-3	8.680077E+1				1.561265E-3	-1.554074E-3	1.557669E-3	1.557682E+1	9.234150E+0	0.000000E+0	6.600000E-2	3.341018E-4	-1.212430E-4	2.276724E-4	2.276743E+0				0.000000E+0	0.000000E+0	0.000000E+0	0.000000E+0				0.000000E+0	0.000000E+0	0.000000E+0	0.000000E+0				0.000000E+0	0.000000E+0	0.000000E+0	0.000000E+0	3.198346E+3	1.000160E+2	1.000160E+2
9.331274E-3	-8.811140E-3	9.071207E-3	9.999624E-5	-1.000021E-4	9.999917E-5	9.149700E+0	0.000000E+0	6.600000E-2	8.698339E-3	-8.696296E-3	8.697318E-3	8.697390E+1				1.560285E-3	-1.553478E-3	1.556881E-3	1.556894E+1	9.128050E+0	0.000000E+0	6.600000E-2	3.332394E-4	-1.217241E-4	2.274817E-4	2.274836E+0				0.000000E+0	0.000000E+0	0.000000E+0	0.000000E+0				0.000000E+0	0.000000E+0	0.000000E+0	0.000000E+0				0.000000E+0	0.000000E+0	0.000000E+0	0.000000E+0	3.227254E+3	1.000160E+2	1.000160E+2
9.330320E-3	-8.809996E-3	9.070158E-3	9.999622E-5	-1.000021E-4	9.999916E-5	9.043850E+0	0.000000E+0	6.600000E-2	8.697777E-3	-8.694118E-3	8.695948E-3	8.696021E+1				1.560522E-3	-1.554281E-3	1.557401E-3	1.557414E+1	9.023200E+0	0.000000E+0	6.600000E-2	3.280041E-4	-1.162284E-4	2.221163E-4	2.221181E+0				0.000000E+0	0.000000E+0	0.000000E+0	0.000000E+0				0.000000E+0	0.000000E+0	0.000000E+0	0.000000E+0				0.000000E+0	0.000000E+0	0.000000E+0	0.000000E+0	3.255594E+3	1.000160E+2	1.000160E+2
9.335232E-3	-8.813190E-3	9.074211E-3	9.999622E-5	-1.000022E-4	9.999921E-5	8.944300E+0	0.000000E+0	6.600000E-2	8.700616E-3	-8.696646E-3	8.698631E-3	8.698699E+1				1.559264E-3	-1.552850E-3	1.556057E-3	1.556069E+1	8.937850E+0	0.000000E+0	6.600000E-2	3.291989E-4	-1.159550E-4	2.225769E-4	2.225787E+0				0.000000E+0	0.000000E+0	0.000000E+0	0.000000E+0				0.000000E+0	0.000000E+0	0.000000E+0	0.000000E+0				0.000000E+0	0.000000E+0	0.000000E+0	0.000000E+0	3.284332E+3	1.000160E+2	1.000160E+2
9.329033E-3	-8.806562E-3	9.067798E-3	9.999618E-5	-1.000022E-4	9.999919E-5	8.898000E+0	0.000000E+0	6.600000E-2	8.695368E-3	-8.692321E-3	8.693845E-3	8.693915E+1				1.558801E-3	-1.552167E-3	1.555484E-3	1.555497E+1	8.889100E+0	0.000000E+0	6.600000E-2	3.283688E-4	-1.162649E-4	2.223168E-4	2.223186E+0				0.000000E+0	0.000000E+0	0.000000E+0	0.000000E+0				0.000000E+0	0.000000E+0	0.000000E+0	0.000000E+0				0.000000E+0	0.000000E+0	0.000000E+0	0.000000E+0	3.312827E+3	1.000160E+2	1.000160E+2
9.322071E-3	-8.794785E-3	9.058428E-3	9.999622E-5	-1.000022E-4	9.999921E-5	8.851750E+0	0.000000E+0	6.600000E-2	8.677432E-3	-8.670723E-3	8.674078E-3	8.674146E+1				1.558572E-3	-1.551835E-3	1.555204E-3	1.555216E+1	8.842500E+0	0.000000E+0	6.600000E-2	3.287923E-4	-1.159587E-4	2.223755E-4	2.223772E+0				0.000000E+0	0.000000E+0	0.000000E+0	0.000000E+0				0.000000E+0	0.000000E+0	0.000000E+0	0.000000E+0				0.000000E+0	0.000000E+0	0.000000E+0	0.000000E+0	3.341235E+3	1.000160E+2	1.000160E+2
3.511238E-3	-2.052307E-3	2.781772E-3	9.999623E-5	-1.000022E-4	9.999921E-5	8.809450E+0	0.000000E+0	6.600000E-2	2.311951E-3	-1.683010E-3	1.997480E-3	1.997496E+1				1.558425E-3	-1.552029E-3	1.555227E-3	1.555240E+1	8.801100E+0	0.000000E+0	6.600000E-2	3.284167E-4	-1.149679E-4	2.216923E-4	2.216940E+0				0.000000E+0	0.000000E+0	0.000000E+0	0.000000E+0				0.000000E+0	0.000000E+0	0.000000E+0	0.000000E+0				0.000000E+0	0.000000E+0	0.000000E+0	0.000000E+0	3.369820E+3	1.000160E+2	1.000160E+2
1.484585E-3	-9.622097E-4	1.223397E-3	9.999620E-5	-1.000022E-4	9.999920E-5	8.781050E+0	0.000000E+0	6.600000E-2	8.486280E-4	-8.470954E-4	8.478617E-4	8.478685E+0				1.557916E-3	-1.551444E-3	1.554680E-3	1.554693E+1	8.774750E+0	0.000000E+0	6.600000E-2	3.281839E-4	-1.160370E-4	2.221105E-4	2.221122E+0				0.000000E+0	0.000000E+0	0.000000E+0	0.000000E+0				0.000000E+0	0.000000E+0	0.000000E+0	0.000000E+0				0.000000E+0	0.000000E+0	0.000000E+0	0.000000E+0	3.398179E+3	1.000160E+2	1.000160E+2
1.481628E-3	-9.603024E-4	1.220965E-3	9.999620E-5	-1.000022E-4	9.999920E-5	8.765000E+0	0.000000E+0	6.600000E-2	8.481628E-4	-8.457642E-4	8.469635E-4	8.469703E+0				1.558662E-3	-1.551502E-3	1.555082E-3	1.555094E+1	8.768450E+0	0.000000E+0	6.600000E-2	3.284692E-4	-1.152478E-4	2.218585E-4	2.218603E+0				0.000000E+0	0.000000E+0	0.000000E+0	0.000000E+0				0.000000E+0	0.000000E+0	0.000000E+0	0.000000E+0				0.000000E+0	0.000000E+0	0.000000E+0	0.000000E+0	3.426617E+3	1.000160E+2	1.000160E+2
1.479912E-3	-9.613991E-4	1.220656E-3	9.999626E-5	-1.000022E-4	9.999923E-5	8.766000E+0	0.000000E+0	6.600000E-2	8.469932E-4	-1.049956E-3	9.484744E-4	9.484817E+0				1.557579E-3	-1.551085E-3	1.554332E-3	1.554344E+1	8.766300E+0	0.000000E+0	6.600000E-2	3.278007E-4	-1.155598E-4	2.216803E-4	2.216820E+0				0.000000E+0	0.000000E+0	0.000000E+0	0.000000E+0				0.000000E+0	0.000000E+0	0.000000E+0	0.000000E+0				0.000000E+0	0.000000E+0	0.000000E+0	0.000000E+0	3.455311E+3	1.000160E+2	1.000160E+2
1.689148E-3	-1.172590E-3	1.430869E-3	9.999621E-5	-1.000021E-4	9.999916E-5	8.768800E+0	0.000000E+0	6.600000E-2	1.051482E-3	-1.048836E-3	1.050159E-3	1.050168E+1				1.557440E-3	-1.550160E-3	1.553800E-3	1.553813E+1	8.769150E+0	0.000000E+0	6.600000E-2	3.270954E-4	-1.146279E-4	2.208617E-4	2.208635E+0				0.000000E+0	0.000000E+0	0.000000E+0	0.000000E+0				0.000000E+0	0.000000E+0	0.000000E+0	0.000000E+0				0.000000E+0	0.000000E+0	0.000000E+0	0.000000E+0	3.483666E+3	1.000160E+2	1.000160E+2
1.681232E-3	-1.166725E-3	1.423978E-3	9.999618E-5	-1.000022E-4	9.999919E-5	8.737800E+0	0.000000E+0	6.600000E-2	1.050823E-3	-1.047017E-3	1.048920E-3	1.048929E+1				1.556716E-3	-1.549242E-3	1.552979E-3	1.552991E+1	8.726900E+0	0.000000E+0	6.600000E-2	3.283264E-4	-1.156490E-4	2.219877E-4	2.219895E+0				0.000000E+0	0.000000E+0	0.000000E+0	0.000000E+0				0.000000E+0	0.000000E+0	0.000000E+0	0.000000E+0				0.000000E+0	0.000000E+0	0.000000E+0	0.000000E+0	3.511956E+3	1.000160E+2	1.000160E+2
1.680040E-3	-1.162624E-3	1.421332E-3	9.999624E-5	-1.000022E-4	9.999922E-5	8.679500E+0	0.000000E+0	6.600000E-2	1.045032E-3	-1.041013E-3	1.043022E-3	1.043030E+1				1.557412E-3	-1.550077E-3	1.553745E-3	1.553757E+1	8.670250E+0	0.000000E+0	6.600000E-2	3.278616E-4	-1.153045E-4	2.215830E-4	2.215848E+0				0.000000E+0	0.000000E+0	0.000000E+0	0.000000E+0				0.000000E+0	0.000000E+0	0.000000E+0	0.000000E+0				0.000000E+0	0.000000E+0	0.000000E+0	0.000000E+0	3.540794E+3	1.000160E+2	1.000160E+2
1.685858E-3	-1.166916E-3	1.426387E-3	9.999624E-5	-1.000021E-4	9.999917E-5	8.622900E+0	0.000000E+0	6.600000E-2	1.048575E-3	-1.044740E-3	1.046658E-3	1.046666E+1				1.556930E-3	-1.549807E-3	1.553368E-3	1.553381E+1	8.614200E+0	0.000000E+0	6.600000E-2	3.279172E-4	-1.156981E-4	2.218076E-4	2.218095E+0				0.000000E+0	0.000000E+0	0.000000E+0	0.000000E+0				0.000000E+0	0.000000E+0	0.000000E+0	0.000000E+0				0.000000E+0	0.000000E+0	0.000000E+0	0.000000E+0	3.569077E+3	1.000160E+2	1.000160E+2
1.675034E-3	-1.157045E-3	1.416039E-3	9.999620E-5	-1.000022E-4	9.999920E-5	8.570600E+0	0.000000E+0	6.600000E-2	1.046588E-3	-1.043274E-3	1.044931E-3	1.044939E+1				1.555233E-3	-1.548668E-3	1.551950E-3	1.551963E+1	8.557950E+0	0.000000E+0	6.600000E-2	3.270036E-4	-1.149808E-4	2.209922E-4	2.209939E+0				0.000000E+0	0.000000E+0	0.000000E+0	0.000000E+0				0.000000E+0	0.000000E+0	0.000000E+0	0.000000E+0				0.000000E+0	0.000000E+0	0.000000E+0	0.000000E+0	3.597708E+3	1.000160E+2	1.000160E+2
1.673794E-3	-1.156473E-3	1.415134E-3	9.999620E-5	-1.000022E-4	9.999920E-5	8.516250E+0	0.000000E+0	6.600000E-2	1.042029E-3	-1.038133E-3	1.040081E-3	1.040089E+1				1.555845E-3	-1.548106E-3	1.551975E-3	1.551988E+1	8.503800E+0	0.000000E+0	6.600000E-2	3.278031E-4	-1.152252E-4	2.215141E-4	2.215159E+0				0.000000E+0	0.000000E+0	0.000000E+0	0.000000E+0				0.000000E+0	0.000000E+0	0.000000E+0	0.000000E+0				0.000000E+0	0.000000E+0	0.000000E+0	0.000000E+0	3.626121E+3	1.000160E+2	1.000160E+2
1.660156E-3	-1.147461E-3	1.403809E-3	9.999624E-5	-1.000022E-4	9.999922E-5	8.461100E+0	0.000000E+0	6.600000E-2	1.029075E-3	-1.027235E-3	1.028155E-3	1.028163E+1				1.556122E-3	-1.548352E-3	1.552237E-3	1.552249E+1	8.461000E+0	0.000000E+0	6.600000E-2	3.283270E-4	-1.147279E-4	2.215275E-4	2.215292E+0				0.000000E+0	0.000000E+0	0.000000E+0	0.000000E+0				0.000000E+0	0.000000E+0	0.000000E+0	0.000000E+0				0.000000E+0	0.000000E+0	0.000000E+0	0.000000E+0	3.654721E+3	1.000160E+2	1.000160E+2
1.660967E-3	-1.162958E-3	1.411962E-3	9.999623E-5	-1.000022E-4	9.999921E-5	8.325350E+0	0.000000E+0	6.600000E-2	1.048586E-3	-1.043737E-3	1.046162E-3	1.046170E+1				1.554881E-3	-1.549028E-3	1.551955E-3	1.551967E+1	8.383400E+0	0.000000E+0	6.600000E-2	3.274134E-4	-1.144645E-4	2.209390E-4	2.209407E+0				0.000000E+0	0.000000E+0	0.000000E+0	0.000000E+0				0.000000E+0	0.000000E+0	0.000000E+0	0.000000E+0				0.000000E+0	0.000000E+0	0.000000E+0	0.000000E+0	3.683321E+3	1.000160E+2	1.000160E+2
1.671314E-3	-1.158190E-3	1.414752E-3	9.999621E-5	-1.000022E-4	9.999920E-5	8.415250E+0	0.000000E+0	6.600000E-2	1.042232E-3	-1.040908E-3	1.041570E-3	1.041578E+1				1.555245E-3	-1.548121E-3	1.551683E-3	1.551696E+1	8.125100E+0	0.000000E+0	6.600000E-2	3.263399E-4	-1.133773E-4	2.198586E-4	2.198604E+0				0.000000E+0	0.000000E+0	0.000000E+0	0.000000E+0				0.000000E+0	0.000000E+0	0.000000E+0	0.000000E+0				0.000000E+0	0.000000E+0	0.000000E+0	0.000000E+0	3.711647E+3	1.000160E+2	1.000160E+2
1.610899E-3	-1.102638E-3	1.356769E-3	9.999618E-5	-1.000022E-4	9.999919E-5	8.455300E+0	0.000000E+0	6.600000E-2	9.850006E-4	-9.836080E-4	9.843043E-4	9.843123E+0				1.555061E-3	-1.548196E-3	1.551628E-3	1.551641E+1	8.264050E+0	0.000000E+0	6.600000E-2	3.252101E-4	-1.148540E-4	2.200321E-4	2.200338E+0				0.000000E+0	0.000000E+0	0.000000E+0	0.000000E+0				0.000000E+0	0.000000E+0	0.000000E+0	0.000000E+0				0.000000E+0	0.000000E+0	0.000000E+0	0.000000E+0	3.740073E+3	1.000160E+2	1.000160E+2
1.618385E-3	-1.101732E-3	1.360059E-3	9.999623E-5	-1.000022E-4	9.999921E-5	8.481900E+0	0.000000E+0	6.600000E-2	9.837006E-4	-9.827792E-4	9.832399E-4	9.832476E+0				1.554712E-3	-1.548175E-3	1.551444E-3	1.551456E+1	8.264100E+0	0.000000E+0	6.600000E-2	3.254030E-4	-1.142570E-4	2.198300E-4	2.198317E+0				0.000000E+0	0.000000E+0	0.000000E+0	0.000000E+0				0.000000E+0	0.000000E+0	0.000000E+0	0.000000E+0				0.000000E+0	0.000000E+0	0.000000E+0	0.000000E+0	3.768805E+3	1.000160E+2	1.000160E+2
1.617765E-3	-1.101637E-3	1.359701E-3	9.999621E-5	-1.000022E-4	9.999920E-5	8.437250E+0	0.000000E+0	6.600000E-2	9.862143E-4	-9.856088E-4	9.859115E-4	9.859194E+0				1.553788E-3	-1.546422E-3	1.550105E-3	1.550117E+1	8.030900E+0	0.000000E+0	6.600000E-2	3.252971E-4	-1.135634E-4	2.194303E-4	2.194320E+0				0.000000E+0	0.000000E+0	0.000000E+0	0.000000E+0				0.000000E+0	0.000000E+0	0.000000E+0	0.000000E+0				0.000000E+0	0.000000E+0	0.000000E+0	0.000000E+0	3.797322E+3	1.000160E+2	1.000160E+2
1.499701E-3	-9.817600E-4	1.240730E-3	9.999621E-5	-1.000022E-4	9.999920E-5	7.962650E+0	0.000000E+0	6.600000E-2	8.694259E-4	-8.792369E-4	8.743314E-4	8.743383E+0				1.553766E-3	-1.547519E-3	1.550643E-3	1.550655E+1	7.960000E+0	0.000000E+0	6.600000E-2	3.251227E-4	-1.141367E-4	2.196297E-4	2.196315E+0				0.000000E+0	0.000000E+0	0.000000E+0	0.000000E+0				0.000000E+0	0.000000E+0	0.000000E+0	0.000000E+0				0.000000E+0	0.000000E+0	0.000000E+0	0.000000E+0	3.826107E+3	1.000160E+2	1.000160E+2
1.821947E-3	-1.305151E-3	1.563549E-3	9.999617E-5	-1.000022E-4	9.999918E-5	8.001500E+0	0.000000E+0	6.600000E-2	1.190592E-3	-1.187183E-3	1.188888E-3	1.188897E+1				1.552487E-3	-1.545063E-3	1.548775E-3	1.548788E+1	8.106800E+0	0.000000E+0	6.600000E-2	3.244012E-4	-1.137552E-4	2.190782E-4	2.190800E+0				0.000000E+0	0.000000E+0	0.000000E+0	0.000000E+0				0.000000E+0	0.000000E+0	0.000000E+0	0.000000E+0				0.000000E+0	0.000000E+0	0.000000E+0	0.000000E+0	3.854526E+3	1.000160E+2	1.000160E+2
1.825380E-3	-1.307106E-3	1.566243E-3	9.999626E-5	-1.000022E-4	9.999923E-5	8.013400E+0	0.000000E+0	6.600000E-2	1.193534E-3	-1.191113E-3	1.192323E-3	1.192333E+1				1.552654E-3	-1.545047E-3	1.548851E-3	1.548863E+1	8.052150E+0	0.000000E+0	6.600000E-2	3.243894E-4	-1.142567E-4	2.193231E-4	2.193248E+0				0.000000E+0	0.000000E+0	0.000000E+0	0.000000E+0				0.000000E+0	0.000000E+0	0.000000E+0	0.000000E+0				0.000000E+0	0.000000E+0	0.000000E+0	0.000000E+0	3.883072E+3	1.000160E+2	1.000160E+2
1.824522E-3	-1.305723E-3	1.565123E-3	9.999621E-5	-1.000022E-4	9.999920E-5	7.810000E+0	0.000000E+0	6.600000E-2	1.193885E-3	-1.188095E-3	1.190990E-3	1.190999E+1				1.552420E-3	-1.545158E-3	1.548789E-3	1.548801E+1	8.006100E+0	0.000000E+0	6.600000E-2	3.235241E-4	-1.138097E-4	2.186669E-4	2.186686E+0				0.000000E+0	0.000000E+0	0.000000E+0	0.000000E+0				0.000000E+0	0.000000E+0	0.000000E+0	0.000000E+0				0.000000E+0	0.000000E+0	0.000000E+0	0.000000E+0	3.911942E+3	1.000160E+2	1.000160E+2
1.824808E-3	-1.306486E-3	1.565647E-3	9.999620E-5	-1.000022E-4	9.999920E-5	7.931100E+0	0.000000E+0	6.600000E-2	1.192684E-3	-1.188382E-3	1.190533E-3	1.190542E+1				1.550209E-3	-1.545590E-3	1.547899E-3	1.547912E+1	8.215850E+0	0.000000E+0	6.600000E-2	3.229630E-4	-1.148840E-4	2.189235E-4	2.189252E+0				0.000000E+0	0.000000E+0	0.000000E+0	0.000000E+0				0.000000E+0	0.000000E+0	0.000000E+0	0.000000E+0				0.000000E+0	0.000000E+0	0.000000E+0	0.000000E+0	3.940882E+3	1.000160E+2	1.000160E+2
1.817465E-3	-1.300001E-3	1.558733E-3	9.999622E-5	-1.000022E-4	9.999921E-5	8.085400E+0	0.000000E+0	6.600000E-2	1.186710E-3	-1.183634E-3	1.185172E-3	1.185181E+1				1.551755E-3	-1.545182E-3	1.548469E-3	1.548481E+1	7.996100E+0	0.000000E+0	6.600000E-2	3.235774E-4	-1.137735E-4	2.186755E-4	2.186772E+0				0.000000E+0	0.000000E+0	0.000000E+0	0.000000E+0				0.000000E+0	0.000000E+0	0.000000E+0	0.000000E+0				0.000000E+0	0.000000E+0	0.000000E+0	0.000000E+0	3.969794E+3	1.000160E+2	1.000160E+2
1.820183E-3	-1.305723E-3	1.562953E-3	9.999616E-5	-1.000022E-4	9.999918E-5	7.956600E+0	0.000000E+0	6.600000E-2	1.189225E-3	-1.186283E-3	1.187754E-3	1.187764E+1				1.498895E-3	-3.105719E-4	9.047333E-4	9.047407E+0	7.670250E+0	0.000000E+0	6.600000E-2	3.230712E-4	-1.132691E-4	2.181702E-4	2.181720E+0				0.000000E+0	0.000000E+0	0.000000E+0	0.000000E+0				0.000000E+0	0.000000E+0	0.000000E+0	0.000000E+0				0.000000E+0	0.000000E+0	0.000000E+0	0.000000E+0	3.998388E+3	1.000160E+2	1.000160E+2
2.521038E-3	-2.006483E-3	2.263760E-3	9.999618E-5	-1.000022E-4	9.999919E-5	7.691300E+0	0.000000E+0	6.600000E-2	1.891305E-3	-1.896236E-3	1.893770E-3	1.893786E+1				3.023468E-4	-3.814046E-4	3.418757E-4	3.418785E+0	7.722800E+0	0.000000E+0	6.600000E-2	3.230237E-4	-1.130378E-4	2.180307E-4	2.180325E+0				0.000000E+0	0.000000E+0	0.000000E+0	0.000000E+0				0.000000E+0	0.000000E+0	0.000000E+0	0.000000E+0				0.000000E+0	0.000000E+0	0.000000E+0	0.000000E+0	4.026836E+3	1.000160E+2	1.000160E+2
1.686811E-3	-1.178837E-3	1.432824E-3	9.999620E-5	-1.000021E-4	9.999915E-5	7.695400E+0	0.000000E+0	6.600000E-2	1.060418E-3	-1.066933E-3	1.063675E-3	1.063684E+1				5.571229E-4	-1.542821E-3	1.049972E-3	1.049981E+1	7.892550E+0	0.000000E+0	6.600000E-2	3.219645E-4	-1.126363E-4	2.173004E-4	2.173023E+0				0.000000E+0	0.000000E+0	0.000000E+0	0.000000E+0				0.000000E+0	0.000000E+0	0.000000E+0	0.000000E+0				0.000000E+0	0.000000E+0	0.000000E+0	0.000000E+0	4.055258E+3	1.000160E+2	1.000160E+2
1.717138E-3	-1.203489E-3	1.460314E-3	9.999618E-5	-1.000021E-4	9.999914E-5	7.838800E+0	0.000000E+0	6.600000E-2	1.086582E-3	-1.085251E-3	1.085916E-3	1.085926E+1				1.551114E-3	-1.501258E-3	1.526186E-3	1.526199E+1	7.895650E+0	0.000000E+0	6.600000E-2	3.221150E-4	-1.123659E-4	2.172404E-4	2.172423E+0				0.000000E+0	0.000000E+0	0.000000E+0	0.000000E+0				0.000000E+0	0.000000E+0	0.000000E+0	0.000000E+0				0.000000E+0	0.000000E+0	0.000000E+0	0.000000E+0	4.083724E+3	1.000160E+2	1.000160E+2
1.709843E-3	-1.196146E-3	1.452994E-3	9.999620E-5	-1.000021E-4	9.999915E-5	7.856850E+0	0.000000E+0	6.600000E-2	1.080045E-3	-1.076028E-3	1.078037E-3	1.078046E+1				3.488721E-4	-2.866205E-4	3.177463E-4	3.177490E+0	7.477600E+0	0.000000E+0	6.600000E-2	3.225985E-4	-1.132997E-4	2.179491E-4	2.179510E+0				0.000000E+0	0.000000E+0	0.000000E+0	0.000000E+0				0.000000E+0	0.000000E+0	0.000000E+0	0.000000E+0				0.000000E+0	0.000000E+0	0.000000E+0	0.000000E+0	4.112171E+3	1.000160E+2	1.000160E+2
1.727724E-3	-1.215744E-3	1.471734E-3	9.999616E-5	-1.000021E-4	9.999913E-5	7.483350E+0	0.000000E+0	6.600000E-2	1.101974E-3	-1.100872E-3	1.101423E-3	1.101432E+1				2.928763E-4	-3.025549E-4	2.977156E-4	2.977182E+0	7.610750E+0	0.000000E+0	6.600000E-2	3.215337E-4	-1.120867E-4	2.168102E-4	2.168121E+0				0.000000E+0	0.000000E+0	0.000000E+0	0.000000E+0				0.000000E+0	0.000000E+0	0.000000E+0	0.000000E+0				0.000000E+0	0.000000E+0	0.000000E+0	0.000000E+0	4.140923E+3	1.000160E+2	1.000160E+2
1.719713E-3	-1.204586E-3	1.462149E-3	9.999620E-5	-1.000021E-4	9.999915E-5	7.609250E+0	0.000000E+0	6.600000E-2	1.088962E-3	-1.085523E-3	1.087243E-3	1.087252E+1				3.793452E-4	-1.080479E-3	7.299120E-4	7.299182E+0	7.812150E+0	0.000000E+0	6.600000E-2	3.212908E-4	-1.114477E-4	2.163692E-4	2.163711E+0				0.000000E+0	0.000000E+0	0.000000E+0	0.000000E+0				0.000000E+0	0.000000E+0	0.000000E+0	0.000000E+0				0.000000E+0	0.000000E+0	0.000000E+0	0.000000E+0	4.169836E+3	1.000160E+2	1.000160E+2
1.724577E-3	-1.208258E-3	1.466417E-3	9.999624E-5	-1.000021E-4	9.999917E-5	7.803400E+0	0.000000E+0	6.600000E-2	1.093427E-3	-1.089002E-3	1.091214E-3	1.091223E+1				3.599602E-4	-2.923795E-4	3.261698E-4	3.261725E+0	7.555150E+0	0.000000E+0	6.600000E-2	3.221565E-4	-1.123962E-4	2.172764E-4	2.172782E+0				0.000000E+0	0.000000E+0	0.000000E+0	0.000000E+0				0.000000E+0	0.000000E+0	0.000000E+0	0.000000E+0				0.000000E+0	0.000000E+0	0.000000E+0	0.000000E+0	4.198250E+3	1.000160E+2	1.000160E+2
1.722527E-3	-1.205063E-3	1.463795E-3	9.999623E-5	-1.000021E-4	9.999916E-5	7.572850E+0	0.000000E+0	6.600000E-2	1.092073E-3	-1.089794E-3	1.090934E-3	1.090943E+1				2.908111E-4	-2.838162E-4	2.873136E-4	2.873160E+0	7.278750E+0	0.000000E+0	6.600000E-2	3.215424E-4	-1.134315E-4	2.174869E-4	2.174888E+0				0.000000E+0	0.000000E+0	0.000000E+0	0.000000E+0				0.000000E+0	0.000000E+0	0.000000E+0	0.000000E+0				0.000000E+0	0.000000E+0	0.000000E+0	0.000000E+0	4.226851E+3	1.000160E+2	1.000160E+2
1.708174E-3	-1.189566E-3	1.448870E-3	9.999621E-5	-1.000022E-4	9.999920E-5	7.333100E+0	0.000000E+0	6.600000E-2	1.076651E-3	-1.073857E-3	1.075254E-3	1.075263E+1				2.921454E-4	-2.923975E-4	2.922714E-4	2.922738E+0	7.580150E+0	0.000000E+0	6.600000E-2	3.214286E-4	-1.117328E-4	2.165807E-4	2.165824E+0				0.000000E+0	0.000000E+0	0.000000E+0	0.000000E+0				0.000000E+0	0.000000E+0	0.000000E+0	0.000000E+0				0.000000E+0	0.000000E+0	0.000000E+0	0.000000E+0	4.255617E+3	1.000160E+2	1.000160E+2
1.752806E-3	-1.235104E-3	1.493955E-3	9.999624E-5	-1.000021E-4	9.999917E-5	7.530850E+0	0.000000E+0	6.600000E-2	1.125491E-3	-1.121007E-3	1.123249E-3	1.123258E+1				3.620580E-4	-2.907925E-4	3.264253E-4	3.264280E+0	7.590650E+0	0.000000E+0	6.600000E-2	3.204479E-4	-1.121819E-4	2.163149E-4	2.163167E+0				0.000000E+0	0.000000E+0	0.000000E+0	0.000000E+0				0.000000E+0	0.000000E+0	0.000000E+0	0.000000E+0				0.000000E+0	0.000000E+0	0.000000E+0	0.000000E+0	4.284437E+3	1.000160E+2	1.000160E+2
1.741934E-3	-1.222086E-3	1.482010E-3	9.999619E-5	-1.000022E-4	9.999919E-5	7.586250E+0	0.000000E+0	6.600000E-2	1.113575E-3	-1.108813E-3	1.111194E-3	1.111203E+1				2.900770E-4	-2.832348E-4	2.866559E-4	2.866582E+0	7.269000E+0	0.000000E+0	6.600000E-2	3.200203E-4	-1.109280E-4	2.154742E-4	2.154759E+0				0.000000E+0	0.000000E+0	0.000000E+0	0.000000E+0				0.000000E+0	0.000000E+0	0.000000E+0	0.000000E+0				0.000000E+0	0.000000E+0	0.000000E+0	0.000000E+0	4.313174E+3	1.000160E+2	1.000160E+2
1.744986E-3	-1.223993E-3	1.484490E-3	9.999624E-5	-1.000022E-4	9.999922E-5	7.179900E+0	0.000000E+0	6.600000E-2	1.114766E-3	-1.105008E-3	1.109887E-3	1.109895E+1				2.904819E-4	-2.836849E-4	2.870834E-4	2.870856E+0	7.404350E+0	0.000000E+0	6.600000E-2	3.209521E-4	-1.129243E-4	2.169382E-4	2.169399E+0				0.000000E+0	0.000000E+0	0.000000E+0	0.000000E+0				0.000000E+0	0.000000E+0	0.000000E+0	0.000000E+0				0.000000E+0	0.000000E+0	0.000000E+0	0.000000E+0	4.341823E+3	1.000160E+2	1.000160E+2
1.740074E-3	-1.221943E-3	1.481008E-3	9.999624E-5	-1.000022E-4	9.999922E-5	7.375200E+0	0.000000E+0	6.600000E-2	1.113699E-3	-1.110523E-3	1.112111E-3	1.112120E+1				2.910567E-4	-2.902288E-4	2.906428E-4	2.906450E+0	7.548050E+0	0.000000E+0	6.600000E-2	3.193273E-4	-1.115670E-4	2.154471E-4	2.154488E+0				0.000000E+0	0.000000E+0	0.000000E+0	0.000000E+0				0.000000E+0	0.000000E+0	0.000000E+0	0.000000E+0				0.000000E+0	0.000000E+0	0.000000E+0	0.000000E+0	4.370551E+3	1.000160E+2	1.000160E+2
1.677656E-3	-1.156235E-3	1.416945E-3	9.999629E-5	-1.000022E-4	9.999924E-5	7.541100E+0	0.000000E+0	6.600000E-2	1.047927E-3	-1.046244E-3	1.047085E-3	1.047093E+1				2.905189E-4	-2.816568E-4	2.860879E-4	2.860900E+0	7.382550E+0	0.000000E+0	6.600000E-2	3.185802E-4	-1.106935E-4	2.146369E-4	2.146385E+0				0.000000E+0	0.000000E+0	0.000000E+0	0.000000E+0				0.000000E+0	0.000000E+0	0.000000E+0	0.000000E+0				0.000000E+0	0.000000E+0	0.000000E+0	0.000000E+0	4.399037E+3	1.000160E+2	1.000160E+2
1.679468E-3	-1.157236E-3	1.418352E-3	9.999624E-5	-1.000022E-4	9.999922E-5	7.338450E+0	0.000000E+0	6.600000E-2	1.050262E-3	-1.064665E-3	1.057464E-3	1.057472E+1				2.877897E-4	-2.825329E-4	2.851613E-4	2.851635E+0	7.043250E+0	0.000000E+0	6.600000E-2	3.197977E-4	-1.117810E-4	2.157893E-4	2.157910E+0				0.000000E+0	0.000000E+0	0.000000E+0	0.000000E+0				0.000000E+0	0.000000E+0	0.000000E+0	0.000000E+0				0.000000E+0	0.000000E+0	0.000000E+0	0.000000E+0	4.427554E+3	1.000160E+2	1.000160E+2
1.676893E-3	-1.153517E-3	1.415205E-3	9.999621E-5	-1.000022E-4	9.999920E-5	7.098750E+0	0.000000E+0	6.600000E-2	1.042554E-3	-1.065004E-3	1.053779E-3	1.053788E+1				2.887474E-4	-2.813558E-4	2.850516E-4	2.850539E+0	7.363000E+0	0.000000E+0	6.600000E-2	3.192807E-4	-1.122526E-4	2.157666E-4	2.157683E+0				0.000000E+0	0.000000E+0	0.000000E+0	0.000000E+0				0.000000E+0	0.000000E+0	0.000000E+0	0.000000E+0				0.000000E+0	0.000000E+0	0.000000E+0	0.000000E+0	4.456625E+3	1.000160E+2	1.000160E+2
1.694822E-3	-1.169109E-3	1.431966E-3	9.999626E-5	-1.000022E-4	9.999923E-5	7.279100E+0	0.000000E+0	6.600000E-2	1.061090E-3	-1.057121E-3	1.059105E-3	1.059113E+1				2.887705E-4	-2.822279E-4	2.854992E-4	2.855014E+0	7.377950E+0	0.000000E+0	6.600000E-2	3.183714E-4	-1.109312E-4	2.146513E-4	2.146529E+0				0.000000E+0	0.000000E+0	0.000000E+0	0.000000E+0				0.000000E+0	0.000000E+0	0.000000E+0	0.000000E+0				0.000000E+0	0.000000E+0	0.000000E+0	0.000000E+0	4.485032E+3	1.000160E+2	1.000160E+2
1.694775E-3	-1.168728E-3	1.431751E-3	9.999624E-5	-1.000022E-4	9.999922E-5	7.364700E+0	0.000000E+0	6.600000E-2	1.061921E-3	-1.056680E-3	1.059300E-3	1.059309E+1				2.874249E-4	-2.810831E-4	2.842540E-4	2.842562E+0	7.072250E+0	0.000000E+0	6.600000E-2	3.180567E-4	-1.094752E-4	2.137659E-4	2.137676E+0				0.000000E+0	0.000000E+0	0.000000E+0	0.000000E+0				0.000000E+0	0.000000E+0	0.000000E+0	0.000000E+0				0.000000E+0	0.000000E+0	0.000000E+0	0.000000E+0	4.513547E+3	1.000160E+2	1.000160E+2
1.768017E-3	-1.238728E-3	1.503372E-3	9.999621E-5	-1.000022E-4	9.999920E-5	7.040050E+0	0.000000E+0	6.600000E-2	1.135578E-3	-1.124340E-3	1.129959E-3	1.129968E+1				2.861538E-4	-2.811721E-4	2.836629E-4	2.836652E+0	7.096100E+0	0.000000E+0	6.600000E-2	3.179249E-4	-1.110334E-4	2.144792E-4	2.144809E+0				0.000000E+0	0.000000E+0	0.000000E+0	0.000000E+0				0.000000E+0	0.000000E+0	0.000000E+0	0.000000E+0				0.000000E+0	0.000000E+0	0.000000E+0	0.000000E+0	4.542018E+3	1.000160E+2	1.000160E+2
1.753664E-3	-1.234770E-3	1.494217E-3	9.999622E-5	-1.000022E-4	9.999921E-5	7.124750E+0	0.000000E+0	6.600000E-2	1.125151E-3	-1.124183E-3	1.124667E-3	1.124676E+1				2.887398E-4	-2.814269E-4	2.850834E-4	2.850856E+0	7.313050E+0	0.000000E+0	6.600000E-2	3.168018E-4	-1.109397E-4	2.138708E-4	2.138725E+0				0.000000E+0	0.000000E+0	0.000000E+0	0.000000E+0				0.000000E+0	0.000000E+0	0.000000E+0	0.000000E+0				0.000000E+0	0.000000E+0	0.000000E+0	0.000000E+0	4.570578E+3	1.000160E+2	1.000160E+2
1.755953E-3	-1.234007E-3	1.494980E-3	9.999626E-5	-1.000021E-4	9.999918E-5	7.290800E+0	0.000000E+0	6.600000E-2	1.124278E-3	-1.124602E-3	1.124440E-3	1.124450E+1				2.869650E-4	-2.810565E-4	2.840107E-4	2.840131E+0	7.161050E+0	0.000000E+0	6.600000E-2	3.177570E-4	-1.109856E-4	2.143713E-4	2.143730E+0				0.000000E+0	0.000000E+0	0.000000E+0	0.000000E+0				0.000000E+0	0.000000E+0	0.000000E+0	0.000000E+0				0.000000E+0	0.000000E+0	0.000000E+0	0.000000E+0	4.599297E+3	1.000160E+2	1.000160E+2
1.727390E-3	-1.197243E-3	1.462317E-3	9.999627E-5	-1.000022E-4	9.999923E-5	7.155200E+0	0.000000E+0	6.600000E-2	1.092370E-3	-1.085613E-3	1.088991E-3	1.089000E+1				2.863149E-4	-2.804835E-4	2.833992E-4	2.834013E+0	6.858400E+0	0.000000E+0	6.600000E-2	3.169985E-4	-1.106635E-4	2.138310E-4	2.138326E+0				0.000000E+0	0.000000E+0	0.000000E+0	0.000000E+0				0.000000E+0	0.000000E+0	0.000000E+0	0.000000E+0				0.000000E+0	0.000000E+0	0.000000E+0	0.000000E+0	4.627751E+3	1.000160E+2	1.000160E+2
1.725101E-3	-1.188230E-3	1.456665E-3	9.999619E-5	-1.000022E-4	9.999919E-5	6.837350E+0	0.000000E+0	6.600000E-2	1.088613E-3	-1.081090E-3	1.084851E-3	1.084860E+1				2.852088E-4	-2.807099E-4	2.829593E-4	2.829616E+0	7.105650E+0	0.000000E+0	6.600000E-2	3.168356E-4	-1.107294E-4	2.137825E-4	2.137842E+0				0.000000E+0	0.000000E+0	0.000000E+0	0.000000E+0				0.000000E+0	0.000000E+0	0.000000E+0	0.000000E+0				0.000000E+0	0.000000E+0	0.000000E+0	0.000000E+0	4.656556E+3	1.000160E+2	1.000160E+2
1.736593E-3	-1.212502E-3	1.474548E-3	9.999621E-5	-1.000022E-4	9.999920E-5	7.084650E+0	0.000000E+0	6.600000E-2	1.105373E-3	-1.101307E-3	1.103340E-3	1.103349E+1				2.848936E-4	-2.789783E-4	2.819360E-4	2.819382E+0	7.231050E+0	0.000000E+0	6.600000E-2	3.159438E-4	-1.110569E-4	2.135004E-4	2.135021E+0				0.000000E+0	0.000000E+0	0.000000E+0	0.000000E+0				0.000000E+0	0.000000E+0	0.000000E+0	0.000000E+0				0.000000E+0	0.000000E+0	0.000000E+0	0.000000E+0	4.684967E+3	1.000160E+2	1.000160E+2
1.739454E-3	-1.218033E-3	1.478743E-3	9.999622E-5	-1.000021E-4	9.999916E-5	7.265750E+0	0.000000E+0	6.600000E-2	1.109510E-3	-1.104857E-3	1.107184E-3	1.107193E+1				2.851890E-4	-2.787304E-4	2.819597E-4	2.819620E+0	7.035400E+0	0.000000E+0	6.600000E-2	3.146740E-4	-1.113211E-4	2.129976E-4	2.129993E+0				0.000000E+0	0.000000E+0	0.000000E+0	0.000000E+0				0.000000E+0	0.000000E+0	0.000000E+0	0.000000E+0				0.000000E+0	0.000000E+0	0.000000E+0	0.000000E+0	4.713594E+3	1.000160E+2	1.000160E+2
1.725912E-3	-1.199293E-3	1.462603E-3	9.999621E-5	-1.000021E-4	9.999916E-5	7.007200E+0	0.000000E+0	6.600000E-2	1.091488E-3	-1.084882E-3	1.088185E-3	1.088194E+1				2.849066E-4	-2.784716E-4	2.816891E-4	2.816915E+0	6.825050E+0	0.000000E+0	6.600000E-2	3.158473E-4	-1.108136E-4	2.133305E-4	2.133323E+0				0.000000E+0	0.000000E+0	0.000000E+0	0.000000E+0				0.000000E+0	0.000000E+0	0.000000E+0	0.000000E+0				0.000000E+0	0.000000E+0	0.000000E+0	0.000000E+0	4.742304E+3	1.000160E+2	1.000160E+2
1.749945E-3	-1.235294E-3	1.492619E-3	9.999622E-5	-1.000021E-4	9.999916E-5	7.055100E+0	0.000000E+0	6.600000E-2	1.118981E-3	-1.121084E-3	1.120033E-3	1.120042E+1				2.850266E-4	-2.782734E-4	2.816500E-4	2.816524E+0	7.091400E+0	0.000000E+0	6.600000E-2	3.142678E-4	-1.110061E-4	2.126370E-4	2.126388E+0				0.000000E+0	0.000000E+0	0.000000E+0	0.000000E+0				0.000000E+0	0.000000E+0	0.000000E+0	0.000000E+0				0.000000E+0	0.000000E+0	0.000000E+0	0.000000E+0	4.771226E+3	1.000160E+2	1.000160E+2
1.758003E-3	-1.234818E-3	1.496410E-3	9.999619E-5	-1.000021E-4	9.999914E-5	7.051250E+0	0.000000E+0	6.600000E-2	1.124750E-3	-1.120971E-3	1.122860E-3	1.122870E+1				2.843104E-4	-2.783577E-4	2.813341E-4	2.813365E+0	7.037300E+0	0.000000E+0	6.600000E-2	3.142172E-4	-1.105736E-4	2.123954E-4	2.123972E+0				0.000000E+0	0.000000E+0	0.000000E+0	0.000000E+0				0.000000E+0	0.000000E+0	0.000000E+0	0.000000E+0				0.000000E+0	0.000000E+0	0.000000E+0	0.000000E+0	4.799826E+3	1.000160E+2	1.000160E+2
1.734304E-3	-1.211262E-3	1.472783E-3	9.999620E-5	-1.000022E-4	9.999920E-5	7.029650E+0	0.000000E+0	6.600000E-2	1.103268E-3	-1.099499E-3	1.101384E-3	1.101392E+1				2.850142E-4	-2.791590E-4	2.820866E-4	2.820888E+0	7.029100E+0	0.000000E+0	6.600000E-2	3.150296E-4	-1.109909E-4	2.130103E-4	2.130120E+0				0.000000E+0	0.000000E+0	0.000000E+0	0.000000E+0				0.000000E+0	0.000000E+0	0.000000E+0	0.000000E+0				0.000000E+0	0.000000E+0	0.000000E+0	0.000000E+0	4.828205E+3	1.000160E+2	1.000160E+2
1.732588E-3	-1.211214E-3	1.471901E-3	9.999626E-5	-1.000021E-4	9.999918E-5	7.019450E+0	0.000000E+0	6.600000E-2	1.102290E-3	-1.099742E-3	1.101016E-3	1.101025E+1				2.853524E-4	-2.783134E-4	2.818329E-4	2.818352E+0	7.018150E+0	0.000000E+0	6.600000E-2	3.153540E-4	-1.093491E-4	2.123515E-4	2.123532E+0				0.000000E+0	0.000000E+0	0.000000E+0	0.000000E+0				0.000000E+0	0.000000E+0	0.000000E+0	0.000000E+0				0.000000E+0	0.000000E+0	0.000000E+0	0.000000E+0	4.856588E+3	1.000160E+2	1.000160E+2
1.731634E-3	-1.211595E-3	1.471614E-3	9.999619E-5	-1.000022E-4	9.999919E-5	6.994050E+0	0.000000E+0	6.600000E-2	1.102260E-3	-1.098571E-3	1.100416E-3	1.100425E+1				2.841243E-4	-2.792298E-4	2.816771E-4	2.816793E+0	6.997300E+0	0.000000E+0	6.600000E-2	3.157942E-4	-1.102977E-4	2.130460E-4	2.130477E+0				0.000000E+0	0.000000E+0	0.000000E+0	0.000000E+0				0.000000E+0	0.000000E+0	0.000000E+0	0.000000E+0				0.000000E+0	0.000000E+0	0.000000E+0	0.000000E+0	4.885325E+3	1.000160E+2	1.000160E+2
1.734352E-3	-1.211786E-3	1.473069E-3	9.999618E-5	-1.000022E-4	9.999919E-5	7.026400E+0	0.000000E+0	6.600000E-2	1.102992E-3	-1.099424E-3	1.101208E-3	1.101217E+1				2.845675E-4	-2.788204E-4	2.816940E-4	2.816962E+0	7.013500E+0	0.000000E+0	6.600000E-2	3.161745E-4	-1.105980E-4	2.133863E-4	2.133880E+0				0.000000E+0	0.000000E+0	0.000000E+0	0.000000E+0				0.000000E+0	0.000000E+0	0.000000E+0	0.000000E+0				0.000000E+0	0.000000E+0	0.000000E+0	0.000000E+0	4.913755E+3	1.000160E+2	1.000160E+2
1.673031E-3	-1.097727E-3	1.385379E-3	9.999621E-5	-1.000022E-4	9.999920E-5	6.071150E+0	0.000000E+0	6.600000E-2	1.008800E-3	-9.610282E-4	9.849140E-4	9.849218E+0				2.844489E-4	-2.790352E-4	2.817421E-4	2.817443E+0	5.691100E+0	0.000000E+0	6.600000E-2	3.155851E-4	-1.113879E-4	2.134865E-4	2.134882E+0				0.000000E+0	0.000000E+0	0.000000E+0	0.000000E+0				0.000000E+0	0.000000E+0	0.000000E+0	0.000000E+0				0.000000E+0	0.000000E+0	0.000000E+0	0.000000E+0	4.942954E+3	1.000160E+2	1.000160E+2
1.521111E-3	-9.945392E-4	1.257825E-3	9.999619E-5	-1.000021E-4	9.999914E-5	5.152500E+0	0.000000E+0	6.600000E-2	8.890065E-4	-8.826744E-4	8.858404E-4	8.858480E+0				2.842992E-4	-2.784604E-4	2.813798E-4	2.813822E+0	5.058100E+0	0.000000E+0	6.600000E-2	3.171008E-4	-1.103366E-4	2.137187E-4	2.137206E+0				0.000000E+0	0.000000E+0	0.000000E+0	0.000000E+0				0.000000E+0	0.000000E+0	0.000000E+0	0.000000E+0				0.000000E+0	0.000000E+0	0.000000E+0	0.000000E+0	4.971582E+3	1.000160E+2	1.000160E+2
