
Resistance temp-continupus-scan only SMU only (+-)average

SMU-V(+)	SMU-V(-)	SMU-V(+-)/ABS	SMU-I(+)	SMU-I(-)	SMU-I(+-)/ABS	temp-ch1 (K)	EX. temp-ch1(K)	magnetic Field-ch1 (Oe)	2700-CH1(+)	2700-CH1(-)	2700-CH1(+-)	R(+-)-2700-CH1	N/A	N/A	N/A	DMM-2182-CH1(+)	DMM-2182-CH1(-)	DMM-2182-CH1(+-)/ABS	R(+-)-2182-CH1	temp-ch3 (K)	EX. temp-ch3(K)	magnetic Field-ch3 (Oe)	2700-CH3(+)	2700-CH3(-)	2700-CH3(+-)	R(+-)-2700-CH3	N/A	N/A	N/A	DMM-2182-CH4(+)	DMM-2182-CH4(-)	DMM-2182-CH4(+-)/ABS	R(+-)-2182-CH4	temp-ch5 (K)	EX. temp-ch5(K)	magnetic Field-ch5 (Oe)	DMM-CH5(+)	DMM-CH5(-)	DMM-CH5(+-)	R(+-)-CH5	temp-ch6 (K)	EX. temp-ch6(K)	magnetic Field-ch6 (Oe)	DMM-CH6(+)	DMM-CH6(-)	DMM-CH6(+-)	R(+-)-CH6	Time(sec)
5.117396E-3	-4.406582E-3	4.761989E-3	9.999556E-4	-1.000024E-3	9.999898E-4	2.017200E+0	0.000000E+0	-1.140000E-1	2.065950E-3	-1.862131E-3	1.964040E-3	1.964060E+0				1.613721E-3	-1.418343E-3	1.516032E-3	1.516047E+0	2.040700E+0	0.000000E+0	-1.140000E-1	9.998588E+0	-1.000107E+1	9.999827E+0	9.999929E+3				0.000000E+0	0.000000E+0	0.000000E+0	0.000000E+0				0.000000E+0	0.000000E+0	0.000000E+0	0.000000E+0				0.000000E+0	0.000000E+0	0.000000E+0	0.000000E+0	5.576729E+3	1.399200E+1	1.399200E+1
5.122967E-3	-4.413865E-3	4.768416E-3	9.999556E-4	-1.000024E-3	9.999898E-4	2.127150E+0	0.000000E+0	-1.140000E-1	2.066554E-3	-1.862509E-3	1.964531E-3	1.964551E+0				1.614127E-3	-1.420784E-3	1.517455E-3	1.517471E+0	2.149300E+0	0.000000E+0	-1.140000E-1	9.998559E+0	-1.000109E+1	9.999825E+0	9.999927E+3				0.000000E+0	0.000000E+0	0.000000E+0	0.000000E+0				0.000000E+0	0.000000E+0	0.000000E+0	0.000000E+0				0.000000E+0	0.000000E+0	0.000000E+0	0.000000E+0	5.609189E+3	1.399200E+1	1.399200E+1
5.121366E-3	-4.411854E-3	4.766610E-3	9.999556E-4	-1.000024E-3	9.999898E-4	2.233800E+0	0.000000E+0	-1.140000E-1	2.066396E-3	-1.862870E-3	1.964633E-3	1.964653E+0				1.616581E-3	-1.421153E-3	1.518867E-3	1.518883E+0	2.257150E+0	0.000000E+0	-1.140000E-1	9.998595E+0	-1.000108E+1	9.999838E+0	9.999940E+3				0.000000E+0	0.000000E+0	0.000000E+0	0.000000E+0				0.000000E+0	0.000000E+0	0.000000E+0	0.000000E+0				0.000000E+0	0.000000E+0	0.000000E+0	0.000000E+0	5.641723E+3	1.399200E+1	1.399200E+1
5.122048E-3	-4.414178E-3	4.768113E-3	9.999556E-4	-1.000024E-3	9.999898E-4	2.342950E+0	0.000000E+0	-1.140000E-1	2.066337E-3	-1.864858E-3	1.965598E-3	1.965618E+0				1.616710E-3	-1.424906E-3	1.520808E-3	1.520824E+0	2.367450E+0	0.000000E+0	-1.140000E-1	9.998596E+0	-1.000108E+1	9.999836E+0	9.999938E+3				0.000000E+0	0.000000E+0	0.000000E+0	0.000000E+0				0.000000E+0	0.000000E+0	0.000000E+0	0.000000E+0				0.000000E+0	0.000000E+0	0.000000E+0	0.000000E+0	5.674358E+3	1.399200E+1	1.399200E+1
5.121686E-3	-4.411992E-3	4.766839E-3	9.999551E-4	-1.000024E-3	9.999896E-4	2.451950E+0	0.000000E+0	-1.140000E-1	2.066125E-3	-1.865469E-3	1.965797E-3	1.965818E+0				1.617212E-3	-1.424693E-3	1.520953E-3	1.520969E+0	2.475050E+0	0.000000E+0	-1.140000E-1	9.998580E+0	-1.000109E+1	9.999836E+0	9.999940E+3				0.000000E+0	0.000000E+0	0.000000E+0	0.000000E+0				0.000000E+0	0.000000E+0	0.000000E+0	0.000000E+0				0.000000E+0	0.000000E+0	0.000000E+0	0.000000E+0	5.706953E+3	1.399200E+1	1.399200E+1
5.126195E-3	-4.416280E-3	4.771237E-3	9.999555E-4	-1.000024E-3	9.999897E-4	2.560150E+0	0.000000E+0	-1.140000E-1	2.066981E-3	-1.865659E-3	1.966320E-3	1.966340E+0				1.618821E-3	-1.426532E-3	1.522676E-3	1.522692E+0	2.585550E+0	0.000000E+0	-1.140000E-1	9.998581E+0	-1.000110E+1	9.999840E+0	9.999943E+3				0.000000E+0	0.000000E+0	0.000000E+0	0.000000E+0				0.000000E+0	0.000000E+0	0.000000E+0	0.000000E+0				0.000000E+0	0.000000E+0	0.000000E+0	0.000000E+0	5.739830E+3	1.399200E+1	1.399200E+1
5.143532E-3	-4.433095E-3	4.788314E-3	9.999555E-4	-1.000024E-3	9.999897E-4	2.670600E+0	0.000000E+0	-1.140000E-1	2.068136E-3	-1.865448E-3	1.966792E-3	1.966812E+0				1.620408E-3	-1.426207E-3	1.523307E-3	1.523323E+0	2.694250E+0	0.000000E+0	-1.140000E-1	9.998603E+0	-1.000110E+1	9.999849E+0	9.999952E+3				0.000000E+0	0.000000E+0	0.000000E+0	0.000000E+0				0.000000E+0	0.000000E+0	0.000000E+0	0.000000E+0				0.000000E+0	0.000000E+0	0.000000E+0	0.000000E+0	5.772817E+3	1.399200E+1	1.399200E+1
5.155818E-3	-4.445222E-3	4.800520E-3	9.999555E-4	-1.000024E-3	9.999897E-4	2.780100E+0	0.000000E+0	-1.140000E-1	2.067708E-3	-1.867619E-3	1.967663E-3	1.967683E+0				1.620163E-3	-1.428275E-3	1.524219E-3	1.524234E+0	2.804800E+0	0.000000E+0	-1.140000E-1	9.998588E+0	-1.000108E+1	9.999836E+0	9.999938E+3				0.000000E+0	0.000000E+0	0.000000E+0	0.000000E+0				0.000000E+0	0.000000E+0	0.000000E+0	0.000000E+0				0.000000E+0	0.000000E+0	0.000000E+0	0.000000E+0	5.805840E+3	1.399200E+1	1.399200E+1
5.125355E-3	-4.416185E-3	4.770770E-3	9.999556E-4	-1.000024E-3	9.999898E-4	2.891050E+0	0.000000E+0	-1.140000E-1	2.068626E-3	-1.867448E-3	1.968037E-3	1.968057E+0				1.621571E-3	-1.430087E-3	1.525829E-3	1.525844E+0	2.913900E+0	0.000000E+0	-1.140000E-1	9.998591E+0	-1.000111E+1	9.999852E+0	9.999954E+3				0.000000E+0	0.000000E+0	0.000000E+0	0.000000E+0				0.000000E+0	0.000000E+0	0.000000E+0	0.000000E+0				0.000000E+0	0.000000E+0	0.000000E+0	0.000000E+0	5.838791E+3	1.399200E+1	1.399200E+1
5.127244E-3	-4.418122E-3	4.772683E-3	9.999555E-4	-1.000024E-3	9.999897E-4	2.999850E+0	0.000000E+0	-1.140000E-1	2.069671E-3	-1.867777E-3	1.968724E-3	1.968744E+0				1.622966E-3	-1.429863E-3	1.526414E-3	1.526430E+0	3.025350E+0	0.000000E+0	-1.140000E-1	9.998605E+0	-1.000109E+1	9.999847E+0	9.999949E+3				0.000000E+0	0.000000E+0	0.000000E+0	0.000000E+0				0.000000E+0	0.000000E+0	0.000000E+0	0.000000E+0				0.000000E+0	0.000000E+0	0.000000E+0	0.000000E+0	5.871820E+3	1.399200E+1	1.399200E+1
5.134736E-3	-4.424586E-3	4.779661E-3	9.999557E-4	-1.000024E-3	9.999899E-4	3.109950E+0	0.000000E+0	-1.140000E-1	2.072241E-3	-1.869861E-3	1.971051E-3	1.971071E+0				1.625097E-3	-1.432210E-3	1.528654E-3	1.528669E+0	3.134700E+0	0.000000E+0	-1.140000E-1	9.998626E+0	-1.000108E+1	9.999854E+0	9.999956E+3				0.000000E+0	0.000000E+0	0.000000E+0	0.000000E+0				0.000000E+0	0.000000E+0	0.000000E+0	0.000000E+0				0.000000E+0	0.000000E+0	0.000000E+0	0.000000E+0	5.904727E+3	1.399200E+1	1.399200E+1
5.137628E-3	-4.428493E-3	4.783061E-3	9.999555E-4	-1.000024E-3	9.999897E-4	3.220400E+0	0.000000E+0	-1.140000E-1	2.074194E-3	-1.873511E-3	1.973852E-3	1.973872E+0				1.626518E-3	-1.435924E-3	1.531221E-3	1.531237E+0	3.245250E+0	0.000000E+0	-1.140000E-1	9.998604E+0	-1.000107E+1	9.999835E+0	9.999937E+3				0.000000E+0	0.000000E+0	0.000000E+0	0.000000E+0				0.000000E+0	0.000000E+0	0.000000E+0	0.000000E+0				0.000000E+0	0.000000E+0	0.000000E+0	0.000000E+0	5.937795E+3	1.399200E+1	1.399200E+1
5.132123E-3	-4.423582E-3	4.777852E-3	9.999563E-4	-1.000024E-3	9.999901E-4	3.329350E+0	0.000000E+0	-1.140000E-1	2.077003E-3	-1.874722E-3	1.975862E-3	1.975882E+0				1.629155E-3	-1.436423E-3	1.532789E-3	1.532804E+0	3.353250E+0	0.000000E+0	-1.140000E-1	9.998593E+0	-1.000109E+1	9.999842E+0	9.999940E+3				0.000000E+0	0.000000E+0	0.000000E+0	0.000000E+0				0.000000E+0	0.000000E+0	0.000000E+0	0.000000E+0				0.000000E+0	0.000000E+0	0.000000E+0	0.000000E+0	5.970831E+3	1.399200E+1	1.399200E+1
5.133576E-3	-4.424428E-3	4.779002E-3	9.999552E-4	-1.000025E-3	9.999901E-4	3.439600E+0	0.000000E+0	-1.140000E-1	2.077417E-3	-1.876001E-3	1.976709E-3	1.976728E+0				1.630472E-3	-1.437445E-3	1.533958E-3	1.533974E+0	3.463500E+0	0.000000E+0	-1.140000E-1	9.998607E+0	-1.000107E+1	9.999838E+0	9.999937E+3				0.000000E+0	0.000000E+0	0.000000E+0	0.000000E+0				0.000000E+0	0.000000E+0	0.000000E+0	0.000000E+0				0.000000E+0	0.000000E+0	0.000000E+0	0.000000E+0	6.003692E+3	1.399200E+1	1.399200E+1
5.133870E-3	-4.424780E-3	4.779325E-3	9.999556E-4	-1.000024E-3	9.999898E-4	3.549450E+0	0.000000E+0	-1.140000E-1	2.079046E-3	-1.876687E-3	1.977866E-3	1.977887E+0				1.631340E-3	-1.438402E-3	1.534871E-3	1.534887E+0	3.574500E+0	0.000000E+0	-1.140000E-1	9.998595E+0	-1.000108E+1	9.999838E+0	9.999940E+3				0.000000E+0	0.000000E+0	0.000000E+0	0.000000E+0				0.000000E+0	0.000000E+0	0.000000E+0	0.000000E+0				0.000000E+0	0.000000E+0	0.000000E+0	0.000000E+0	6.036710E+3	1.399200E+1	1.399200E+1
5.149317E-3	-4.442394E-3	4.795855E-3	9.999556E-4	-1.000024E-3	9.999898E-4	3.658850E+0	0.000000E+0	-1.140000E-1	2.085097E-3	-1.881824E-3	1.983460E-3	1.983480E+0				1.640233E-3	-1.447830E-3	1.544031E-3	1.544047E+0	3.684400E+0	0.000000E+0	-1.140000E-1	9.998580E+0	-1.000110E+1	9.999841E+0	9.999943E+3				0.000000E+0	0.000000E+0	0.000000E+0	0.000000E+0				0.000000E+0	0.000000E+0	0.000000E+0	0.000000E+0				0.000000E+0	0.000000E+0	0.000000E+0	0.000000E+0	6.069371E+3	1.399200E+1	1.399200E+1
5.142343E-3	-4.434658E-3	4.788500E-3	9.999558E-4	-1.000024E-3	9.999899E-4	3.768000E+0	0.000000E+0	-1.140000E-1	2.089658E-3	-1.887913E-3	1.988786E-3	1.988806E+0				1.643542E-3	-1.449556E-3	1.546549E-3	1.546565E+0	3.792200E+0	0.000000E+0	-1.140000E-1	9.998591E+0	-1.000111E+1	9.999849E+0	9.999950E+3				0.000000E+0	0.000000E+0	0.000000E+0	0.000000E+0				0.000000E+0	0.000000E+0	0.000000E+0	0.000000E+0				0.000000E+0	0.000000E+0	0.000000E+0	0.000000E+0	6.102124E+3	1.399200E+1	1.399200E+1
5.143811E-3	-4.435143E-3	4.789477E-3	9.999559E-4	-1.000024E-3	9.999899E-4	3.878250E+0	0.000000E+0	-1.140000E-1	2.091362E-3	-1.888491E-3	1.989926E-3	1.989946E+0				1.644121E-3	-1.449205E-3	1.546663E-3	1.546679E+0	3.902250E+0	0.000000E+0	-1.140000E-1	9.998620E+0	-1.000113E+1	9.999874E+0	9.999975E+3				0.000000E+0	0.000000E+0	0.000000E+0	0.000000E+0				0.000000E+0	0.000000E+0	0.000000E+0	0.000000E+0				0.000000E+0	0.000000E+0	0.000000E+0	0.000000E+0	6.134824E+3	1.399200E+1	1.399200E+1
5.144822E-3	-4.435814E-3	4.790318E-3	9.999557E-4	-1.000024E-3	9.999899E-4	3.984950E+0	0.000000E+0	-1.140000E-1	2.091452E-3	-1.888993E-3	1.990222E-3	1.990243E+0				1.646103E-3	-1.450636E-3	1.548369E-3	1.548385E+0	4.009950E+0	0.000000E+0	-1.140000E-1	9.998620E+0	-1.000114E+1	9.999878E+0	9.999979E+3				0.000000E+0	0.000000E+0	0.000000E+0	0.000000E+0				0.000000E+0	0.000000E+0	0.000000E+0	0.000000E+0				0.000000E+0	0.000000E+0	0.000000E+0	0.000000E+0	6.167378E+3	1.399200E+1	1.399200E+1
5.144259E-3	-4.434749E-3	4.789504E-3	9.999553E-4	-1.000024E-3	9.999896E-4	4.095850E+0	0.000000E+0	-1.140000E-1	2.090524E-3	-1.889691E-3	1.990108E-3	1.990128E+0				1.643132E-3	-1.452039E-3	1.547585E-3	1.547601E+0	4.118000E+0	0.000000E+0	-1.140000E-1	9.998614E+0	-1.000111E+1	9.999860E+0	9.999964E+3				0.000000E+0	0.000000E+0	0.000000E+0	0.000000E+0				0.000000E+0	0.000000E+0	0.000000E+0	0.000000E+0				0.000000E+0	0.000000E+0	0.000000E+0	0.000000E+0	6.200210E+3	1.399200E+1	1.399200E+1
5.144252E-3	-4.435197E-3	4.789725E-3	9.999559E-4	-1.000024E-3	9.999899E-4	4.203600E+0	0.000000E+0	-1.140000E-1	2.090479E-3	-1.889132E-3	1.989805E-3	1.989825E+0				1.643445E-3	-1.451358E-3	1.547401E-3	1.547417E+0	4.239650E+0	0.000000E+0	-1.140000E-1	9.998639E+0	-1.000112E+1	9.999881E+0	9.999981E+3				0.000000E+0	0.000000E+0	0.000000E+0	0.000000E+0				0.000000E+0	0.000000E+0	0.000000E+0	0.000000E+0				0.000000E+0	0.000000E+0	0.000000E+0	0.000000E+0	6.233211E+3	1.399200E+1	1.399200E+1
5.165315E-3	-4.456911E-3	4.811113E-3	9.999556E-4	-1.000024E-3	9.999898E-4	4.318550E+0	0.000000E+0	-1.140000E-1	2.091760E-3	-1.888612E-3	1.990186E-3	1.990207E+0				1.644693E-3	-1.451172E-3	1.547933E-3	1.547948E+0	4.343900E+0	0.000000E+0	-1.140000E-1	9.998614E+0	-1.000114E+1	9.999876E+0	9.999978E+3				0.000000E+0	0.000000E+0	0.000000E+0	0.000000E+0				0.000000E+0	0.000000E+0	0.000000E+0	0.000000E+0				0.000000E+0	0.000000E+0	0.000000E+0	0.000000E+0	6.265856E+3	1.399200E+1	1.399200E+1
5.165806E-3	-4.456475E-3	4.811140E-3	9.999558E-4	-1.000024E-3	9.999899E-4	4.426050E+0	0.000000E+0	-1.140000E-1	2.092254E-3	-1.890692E-3	1.991473E-3	1.991493E+0				1.644675E-3	-1.451407E-3	1.548041E-3	1.548057E+0	4.448450E+0	0.000000E+0	-1.140000E-1	9.998634E+0	-1.000113E+1	9.999884E+0	9.999985E+3				0.000000E+0	0.000000E+0	0.000000E+0	0.000000E+0				0.000000E+0	0.000000E+0	0.000000E+0	0.000000E+0				0.000000E+0	0.000000E+0	0.000000E+0	0.000000E+0	6.298527E+3	1.399200E+1	1.399200E+1
5.161753E-3	-4.451591E-3	4.806672E-3	9.999564E-4	-1.000024E-3	9.999902E-4	4.532800E+0	0.000000E+0	-1.140000E-1	2.091274E-3	-1.891129E-3	1.991201E-3	1.991221E+0				1.644296E-3	-1.450695E-3	1.547495E-3	1.547510E+0	4.556700E+0	0.000000E+0	-1.140000E-1	9.998647E+0	-1.000112E+1	9.999884E+0	9.999982E+3				0.000000E+0	0.000000E+0	0.000000E+0	0.000000E+0				0.000000E+0	0.000000E+0	0.000000E+0	0.000000E+0				0.000000E+0	0.000000E+0	0.000000E+0	0.000000E+0	6.331133E+3	1.399200E+1	1.399200E+1
5.153023E-3	-4.443324E-3	4.798173E-3	9.999560E-4	-1.000023E-3	9.999895E-4	4.641500E+0	0.000000E+0	-1.140000E-1	2.091649E-3	-1.890750E-3	1.991200E-3	1.991221E+0				1.643887E-3	-1.451400E-3	1.547644E-3	1.547660E+0	4.665700E+0	0.000000E+0	-1.140000E-1	9.998634E+0	-1.000112E+1	9.999876E+0	9.999981E+3				0.000000E+0	0.000000E+0	0.000000E+0	0.000000E+0				0.000000E+0	0.000000E+0	0.000000E+0	0.000000E+0				0.000000E+0	0.000000E+0	0.000000E+0	0.000000E+0	6.363674E+3	1.399200E+1	1.399200E+1
5.141686E-3	-4.430996E-3	4.786341E-3	9.999556E-4	-1.000024E-3	9.999898E-4	4.749100E+0	0.000000E+0	-1.140000E-1	2.091788E-3	-1.890853E-3	1.991321E-3	1.991341E+0				1.643803E-3	-1.451479E-3	1.547641E-3	1.547657E+0	4.773500E+0	0.000000E+0	-1.140000E-1	9.998646E+0	-1.000113E+1	9.999887E+0	9.999989E+3				0.000000E+0	0.000000E+0	0.000000E+0	0.000000E+0				0.000000E+0	0.000000E+0	0.000000E+0	0.000000E+0				0.000000E+0	0.000000E+0	0.000000E+0	0.000000E+0	6.396241E+3	1.399200E+1	1.399200E+1
5.139241E-3	-4.429691E-3	4.784466E-3	9.999556E-4	-1.000024E-3	9.999898E-4	4.857900E+0	0.000000E+0	-1.140000E-1	2.093281E-3	-1.891313E-3	1.992297E-3	1.992317E+0				1.645781E-3	-1.450818E-3	1.548300E-3	1.548315E+0	4.882550E+0	0.000000E+0	-1.140000E-1	9.998637E+0	-1.000111E+1	9.999875E+0	9.999977E+3				0.000000E+0	0.000000E+0	0.000000E+0	0.000000E+0				0.000000E+0	0.000000E+0	0.000000E+0	0.000000E+0				0.000000E+0	0.000000E+0	0.000000E+0	0.000000E+0	6.428826E+3	1.399200E+1	1.399200E+1
5.143978E-3	-4.435654E-3	4.789816E-3	9.999559E-4	-1.000024E-3	9.999899E-4	4.965950E+0	0.000000E+0	-1.140000E-1	2.092871E-3	-1.891703E-3	1.992287E-3	1.992307E+0				1.644602E-3	-1.451077E-3	1.547839E-3	1.547855E+0	4.989950E+0	0.000000E+0	-1.140000E-1	9.998630E+0	-1.000113E+1	9.999878E+0	9.999979E+3				0.000000E+0	0.000000E+0	0.000000E+0	0.000000E+0				0.000000E+0	0.000000E+0	0.000000E+0	0.000000E+0				0.000000E+0	0.000000E+0	0.000000E+0	0.000000E+0	6.461545E+3	1.399200E+1	1.399200E+1
5.140634E-3	-4.433952E-3	4.787293E-3	9.999556E-4	-1.000024E-3	9.999898E-4	5.075950E+0	0.000000E+0	-1.140000E-1	2.093738E-3	-1.890323E-3	1.992031E-3	1.992051E+0				1.644855E-3	-1.450099E-3	1.547477E-3	1.547493E+0	5.099100E+0	0.000000E+0	-1.140000E-1	9.998641E+0	-1.000115E+1	9.999895E+0	9.999997E+3				0.000000E+0	0.000000E+0	0.000000E+0	0.000000E+0				0.000000E+0	0.000000E+0	0.000000E+0	0.000000E+0				0.000000E+0	0.000000E+0	0.000000E+0	0.000000E+0	6.494075E+3	1.399200E+1	1.399200E+1
5.138378E-3	-4.431299E-3	4.784838E-3	9.999557E-4	-1.000024E-3	9.999899E-4	5.183850E+0	0.000000E+0	-1.140000E-1	2.092831E-3	-1.891941E-3	1.992386E-3	1.992406E+0				1.644124E-3	-1.451173E-3	1.547648E-3	1.547664E+0	5.207300E+0	0.000000E+0	-1.140000E-1	9.998619E+0	-1.000112E+1	9.999867E+0	9.999969E+3				0.000000E+0	0.000000E+0	0.000000E+0	0.000000E+0				0.000000E+0	0.000000E+0	0.000000E+0	0.000000E+0				0.000000E+0	0.000000E+0	0.000000E+0	0.000000E+0	6.526495E+3	1.399200E+1	1.399200E+1
5.140145E-3	-4.431354E-3	4.785750E-3	9.999555E-4	-1.000024E-3	9.999897E-4	5.293350E+0	0.000000E+0	-1.140000E-1	2.093499E-3	-1.891843E-3	1.992671E-3	1.992691E+0				1.644053E-3	-1.450960E-3	1.547506E-3	1.547522E+0	5.317150E+0	0.000000E+0	-1.140000E-1	9.998605E+0	-1.000113E+1	9.999867E+0	9.999970E+3				0.000000E+0	0.000000E+0	0.000000E+0	0.000000E+0				0.000000E+0	0.000000E+0	0.000000E+0	0.000000E+0				0.000000E+0	0.000000E+0	0.000000E+0	0.000000E+0	6.559176E+3	1.399200E+1	1.399200E+1
5.141090E-3	-4.431345E-3	4.786218E-3	9.999558E-4	-1.000024E-3	9.999899E-4	5.400900E+0	0.000000E+0	-1.140000E-1	2.093297E-3	-1.891320E-3	1.992308E-3	1.992329E+0				1.643726E-3	-1.451053E-3	1.547390E-3	1.547405E+0	5.425450E+0	0.000000E+0	-1.140000E-1	9.998619E+0	-1.000112E+1	9.999870E+0	9.999971E+3				0.000000E+0	0.000000E+0	0.000000E+0	0.000000E+0				0.000000E+0	0.000000E+0	0.000000E+0	0.000000E+0				0.000000E+0	0.000000E+0	0.000000E+0	0.000000E+0	6.591876E+3	1.399200E+1	1.399200E+1
5.146510E-3	-4.437831E-3	4.792170E-3	9.999559E-4	-1.000024E-3	9.999899E-4	5.509800E+0	0.000000E+0	-1.140000E-1	2.094532E-3	-1.891913E-3	1.993223E-3	1.993243E+0				1.643860E-3	-1.449731E-3	1.546795E-3	1.546811E+0	5.534900E+0	0.000000E+0	-1.140000E-1	9.998613E+0	-1.000110E+1	9.999854E+0	9.999955E+3				0.000000E+0	0.000000E+0	0.000000E+0	0.000000E+0				0.000000E+0	0.000000E+0	0.000000E+0	0.000000E+0				0.000000E+0	0.000000E+0	0.000000E+0	0.000000E+0	6.624626E+3	1.399200E+1	1.399200E+1
5.144949E-3	-4.435756E-3	4.790353E-3	9.999555E-4	-1.000024E-3	9.999897E-4	5.619450E+0	0.000000E+0	-1.140000E-1	2.094439E-3	-1.891373E-3	1.992906E-3	1.992927E+0				1.643759E-3	-1.449882E-3	1.546820E-3	1.546836E+0	5.643800E+0	0.000000E+0	-1.140000E-1	9.998623E+0	-1.000114E+1	9.999879E+0	9.999982E+3				0.000000E+0	0.000000E+0	0.000000E+0	0.000000E+0				0.000000E+0	0.000000E+0	0.000000E+0	0.000000E+0				0.000000E+0	0.000000E+0	0.000000E+0	0.000000E+0	6.657360E+3	1.399200E+1	1.399200E+1
5.166657E-3	-4.458184E-3	4.812420E-3	9.999562E-4	-1.000024E-3	9.999901E-4	5.726650E+0	0.000000E+0	-1.140000E-1	2.093899E-3	-1.892632E-3	1.993266E-3	1.993286E+0				1.644150E-3	-1.449823E-3	1.546986E-3	1.547002E+0	5.752250E+0	0.000000E+0	-1.140000E-1	9.998622E+0	-1.000111E+1	9.999865E+0	9.999964E+3				0.000000E+0	0.000000E+0	0.000000E+0	0.000000E+0				0.000000E+0	0.000000E+0	0.000000E+0	0.000000E+0				0.000000E+0	0.000000E+0	0.000000E+0	0.000000E+0	6.689890E+3	1.399200E+1	1.399200E+1
5.147026E-3	-4.440992E-3	4.794009E-3	9.999560E-4	-1.000023E-3	9.999895E-4	5.836750E+0	0.000000E+0	-1.140000E-1	2.095030E-3	-1.891199E-3	1.993114E-3	1.993135E+0				1.644400E-3	-1.448513E-3	1.546456E-3	1.546472E+0	5.859350E+0	0.000000E+0	-1.140000E-1	9.998619E+0	-1.000113E+1	9.999872E+0	9.999977E+3				0.000000E+0	0.000000E+0	0.000000E+0	0.000000E+0				0.000000E+0	0.000000E+0	0.000000E+0	0.000000E+0				0.000000E+0	0.000000E+0	0.000000E+0	0.000000E+0	6.722713E+3	1.399200E+1	1.399200E+1
5.143883E-3	-4.438420E-3	4.791152E-3	9.999555E-4	-1.000023E-3	9.999893E-4	5.946850E+0	0.000000E+0	-1.140000E-1	2.095236E-3	-1.892852E-3	1.994044E-3	1.994066E+0				1.643238E-3	-1.449729E-3	1.546484E-3	1.546500E+0	5.969900E+0	0.000000E+0	-1.140000E-1	9.998603E+0	-1.000111E+1	9.999858E+0	9.999966E+3				0.000000E+0	0.000000E+0	0.000000E+0	0.000000E+0				0.000000E+0	0.000000E+0	0.000000E+0	0.000000E+0				0.000000E+0	0.000000E+0	0.000000E+0	0.000000E+0	6.755358E+3	1.399200E+1	1.399200E+1
5.148459E-3	-4.441608E-3	4.795034E-3	9.999552E-4	-1.000024E-3	9.999896E-4	6.055750E+0	0.000000E+0	-1.140000E-1	2.094860E-3	-1.891432E-3	1.993146E-3	1.993167E+0				1.643662E-3	-1.449280E-3	1.546471E-3	1.546487E+0	6.079300E+0	0.000000E+0	-1.140000E-1	9.998603E+0	-1.000114E+1	9.999873E+0	9.999977E+3				0.000000E+0	0.000000E+0	0.000000E+0	0.000000E+0				0.000000E+0	0.000000E+0	0.000000E+0	0.000000E+0				0.000000E+0	0.000000E+0	0.000000E+0	0.000000E+0	6.788092E+3	1.399200E+1	1.399200E+1
5.145799E-3	-4.439384E-3	4.792592E-3	9.999558E-4	-1.000024E-3	9.999899E-4	6.163600E+0	0.000000E+0	-1.140000E-1	2.094896E-3	-1.892029E-3	1.993462E-3	1.993483E+0				1.643094E-3	-1.448737E-3	1.545916E-3	1.545931E+0	6.189350E+0	0.000000E+0	-1.140000E-1	9.998613E+0	-1.000111E+1	9.999863E+0	9.999964E+3				0.000000E+0	0.000000E+0	0.000000E+0	0.000000E+0				0.000000E+0	0.000000E+0	0.000000E+0	0.000000E+0				0.000000E+0	0.000000E+0	0.000000E+0	0.000000E+0	6.820655E+3	1.399200E+1	1.399200E+1
5.145316E-3	-4.439172E-3	4.792244E-3	9.999560E-4	-1.000025E-3	9.999905E-4	6.273100E+0	0.000000E+0	-1.140000E-1	2.094769E-3	-1.892256E-3	1.993513E-3	1.993532E+0				1.643502E-3	-1.448803E-3	1.546153E-3	1.546167E+0	6.296100E+0	0.000000E+0	-1.140000E-1	9.998632E+0	-1.000112E+1	9.999875E+0	9.999970E+3				0.000000E+0	0.000000E+0	0.000000E+0	0.000000E+0				0.000000E+0	0.000000E+0	0.000000E+0	0.000000E+0				0.000000E+0	0.000000E+0	0.000000E+0	0.000000E+0	6.853170E+3	1.399200E+1	1.399200E+1
5.158340E-3	-4.451443E-3	4.804892E-3	9.999558E-4	-1.000024E-3	9.999899E-4	6.380950E+0	0.000000E+0	-1.140000E-1	2.095516E-3	-1.892519E-3	1.994017E-3	1.994038E+0				1.642556E-3	-1.448180E-3	1.545368E-3	1.545384E+0	6.405450E+0	0.000000E+0	-1.140000E-1	9.998650E+0	-1.000113E+1	9.999890E+0	9.999991E+3				0.000000E+0	0.000000E+0	0.000000E+0	0.000000E+0				0.000000E+0	0.000000E+0	0.000000E+0	0.000000E+0				0.000000E+0	0.000000E+0	0.000000E+0	0.000000E+0	6.885818E+3	1.399200E+1	1.399200E+1
5.147855E-3	-4.440282E-3	4.794069E-3	9.999553E-4	-1.000024E-3	9.999896E-4	6.490400E+0	0.000000E+0	-1.140000E-1	2.095653E-3	-1.892905E-3	1.994279E-3	1.994300E+0				1.641472E-3	-1.448582E-3	1.545027E-3	1.545043E+0	6.515000E+0	0.000000E+0	-1.140000E-1	9.998636E+0	-1.000112E+1	9.999876E+0	9.999980E+3				0.000000E+0	0.000000E+0	0.000000E+0	0.000000E+0				0.000000E+0	0.000000E+0	0.000000E+0	0.000000E+0				0.000000E+0	0.000000E+0	0.000000E+0	0.000000E+0	6.918555E+3	1.399200E+1	1.399200E+1
5.151399E-3	-4.444214E-3	4.797806E-3	9.999555E-4	-1.000024E-3	9.999897E-4	6.599850E+0	0.000000E+0	-1.140000E-1	2.095255E-3	-1.892997E-3	1.994126E-3	1.994146E+0				1.642817E-3	-1.447193E-3	1.545005E-3	1.545021E+0	6.623700E+0	0.000000E+0	-1.140000E-1	9.998640E+0	-1.000112E+1	9.999879E+0	9.999981E+3				0.000000E+0	0.000000E+0	0.000000E+0	0.000000E+0				0.000000E+0	0.000000E+0	0.000000E+0	0.000000E+0				0.000000E+0	0.000000E+0	0.000000E+0	0.000000E+0	6.951632E+3	1.399200E+1	1.399200E+1
5.168268E-3	-4.460434E-3	4.814351E-3	9.999558E-4	-1.000024E-3	9.999899E-4	6.708450E+0	0.000000E+0	-1.140000E-1	2.095431E-3	-1.893418E-3	1.994424E-3	1.994445E+0				1.642826E-3	-1.448424E-3	1.545625E-3	1.545641E+0	6.732950E+0	0.000000E+0	-1.140000E-1	9.998652E+0	-1.000110E+1	9.999878E+0	9.999979E+3				0.000000E+0	0.000000E+0	0.000000E+0	0.000000E+0				0.000000E+0	0.000000E+0	0.000000E+0	0.000000E+0				0.000000E+0	0.000000E+0	0.000000E+0	0.000000E+0	6.984328E+3	1.399200E+1	1.399200E+1
5.217127E-3	-4.507740E-3	4.862433E-3	9.999556E-4	-1.000024E-3	9.999898E-4	6.818950E+0	0.000000E+0	-1.140000E-1	2.095021E-3	-1.893196E-3	1.994108E-3	1.994129E+0				1.642207E-3	-1.447154E-3	1.544680E-3	1.544696E+0	6.843700E+0	0.000000E+0	-1.140000E-1	9.998652E+0	-1.000111E+1	9.999883E+0	9.999985E+3				0.000000E+0	0.000000E+0	0.000000E+0	0.000000E+0				0.000000E+0	0.000000E+0	0.000000E+0	0.000000E+0				0.000000E+0	0.000000E+0	0.000000E+0	0.000000E+0	7.017629E+3	1.399200E+1	1.399200E+1
5.178894E-3	-4.470496E-3	4.824695E-3	9.999559E-4	-1.000024E-3	9.999899E-4	6.930250E+0	0.000000E+0	-1.140000E-1	2.094581E-3	-1.893565E-3	1.994073E-3	1.994093E+0				1.642012E-3	-1.449116E-3	1.545564E-3	1.545579E+0	6.952700E+0	0.000000E+0	-1.140000E-1	9.998646E+0	-1.000111E+1	9.999880E+0	9.999980E+3				0.000000E+0	0.000000E+0	0.000000E+0	0.000000E+0				0.000000E+0	0.000000E+0	0.000000E+0	0.000000E+0				0.000000E+0	0.000000E+0	0.000000E+0	0.000000E+0	7.050327E+3	1.399200E+1	1.399200E+1
5.158468E-3	-4.449661E-3	4.804064E-3	9.999560E-4	-1.000024E-3	9.999900E-4	7.039550E+0	0.000000E+0	-1.140000E-1	2.093723E-3	-1.894384E-3	1.994053E-3	1.994073E+0				1.641194E-3	-1.448475E-3	1.544835E-3	1.544850E+0	7.061950E+0	0.000000E+0	-1.140000E-1	9.998639E+0	-1.000114E+1	9.999888E+0	9.999988E+3				0.000000E+0	0.000000E+0	0.000000E+0	0.000000E+0				0.000000E+0	0.000000E+0	0.000000E+0	0.000000E+0				0.000000E+0	0.000000E+0	0.000000E+0	0.000000E+0	7.083132E+3	1.399200E+1	1.399200E+1
5.167518E-3	-4.459811E-3	4.813665E-3	9.999557E-4	-1.000024E-3	9.999899E-4	7.148000E+0	0.000000E+0	-1.140000E-1	2.094395E-3	-1.894420E-3	1.994407E-3	1.994427E+0				1.640983E-3	-1.448287E-3	1.544635E-3	1.544651E+0	7.171600E+0	0.000000E+0	-1.140000E-1	9.998649E+0	-1.000113E+1	9.999888E+0	9.999990E+3				0.000000E+0	0.000000E+0	0.000000E+0	0.000000E+0				0.000000E+0	0.000000E+0	0.000000E+0	0.000000E+0				0.000000E+0	0.000000E+0	0.000000E+0	0.000000E+0	7.115741E+3	1.399200E+1	1.399200E+1
5.154997E-3	-4.446497E-3	4.800747E-3	9.999558E-4	-1.000024E-3	9.999899E-4	7.256700E+0	0.000000E+0	-1.140000E-1	2.096362E-3	-1.893478E-3	1.994920E-3	1.994940E+0				1.641860E-3	-1.447713E-3	1.544787E-3	1.544802E+0	7.280100E+0	0.000000E+0	-1.140000E-1	9.998636E+0	-1.000115E+1	9.999893E+0	9.999994E+3				0.000000E+0	0.000000E+0	0.000000E+0	0.000000E+0				0.000000E+0	0.000000E+0	0.000000E+0	0.000000E+0				0.000000E+0	0.000000E+0	0.000000E+0	0.000000E+0	7.148353E+3	1.399200E+1	1.399200E+1
5.165790E-3	-4.456943E-3	4.811366E-3	9.999553E-4	-1.000024E-3	9.999896E-4	7.366450E+0	0.000000E+0	-1.140000E-1	2.096219E-3	-1.893726E-3	1.994972E-3	1.994993E+0				1.641120E-3	-1.448454E-3	1.544787E-3	1.544803E+0	7.388500E+0	0.000000E+0	-1.140000E-1	9.998664E+0	-1.000113E+1	9.999896E+0	9.999999E+3				0.000000E+0	0.000000E+0	0.000000E+0	0.000000E+0				0.000000E+0	0.000000E+0	0.000000E+0	0.000000E+0				0.000000E+0	0.000000E+0	0.000000E+0	0.000000E+0	7.180971E+3	1.399200E+1	1.399200E+1
5.156919E-3	-4.448904E-3	4.802911E-3	9.999557E-4	-1.000024E-3	9.999899E-4	7.473750E+0	0.000000E+0	-1.140000E-1	2.094802E-3	-1.895351E-3	1.995076E-3	1.995097E+0				1.641748E-3	-1.448252E-3	1.545000E-3	1.545016E+0	7.499100E+0	0.000000E+0	-1.140000E-1	9.998647E+0	-1.000112E+1	9.999884E+0	9.999985E+3				0.000000E+0	0.000000E+0	0.000000E+0	0.000000E+0				0.000000E+0	0.000000E+0	0.000000E+0	0.000000E+0				0.000000E+0	0.000000E+0	0.000000E+0	0.000000E+0	7.213818E+3	1.399200E+1	1.399200E+1
5.167129E-3	-4.457606E-3	4.812368E-3	9.999558E-4	-1.000024E-3	9.999899E-4	7.583400E+0	0.000000E+0	-1.140000E-1	2.095627E-3	-1.894876E-3	1.995252E-3	1.995272E+0				1.641992E-3	-1.447922E-3	1.544957E-3	1.544973E+0	7.607550E+0	0.000000E+0	-1.140000E-1	9.998656E+0	-1.000111E+1	9.999884E+0	9.999985E+3				0.000000E+0	0.000000E+0	0.000000E+0	0.000000E+0				0.000000E+0	0.000000E+0	0.000000E+0	0.000000E+0				0.000000E+0	0.000000E+0	0.000000E+0	0.000000E+0	7.246793E+3	1.399200E+1	1.399200E+1
5.143159E-3	-4.433474E-3	4.788316E-3	9.999556E-4	-1.000024E-3	9.999898E-4	7.693250E+0	0.000000E+0	-1.140000E-1	2.096990E-3	-1.893593E-3	1.995291E-3	1.995312E+0				1.641114E-3	-1.448419E-3	1.544766E-3	1.544782E+0	7.719650E+0	0.000000E+0	-1.140000E-1	9.998661E+0	-1.000111E+1	9.999884E+0	9.999986E+3				0.000000E+0	0.000000E+0	0.000000E+0	0.000000E+0				0.000000E+0	0.000000E+0	0.000000E+0	0.000000E+0				0.000000E+0	0.000000E+0	0.000000E+0	0.000000E+0	7.279829E+3	1.399200E+1	1.399200E+1
5.151131E-3	-4.442371E-3	4.796751E-3	9.999558E-4	-1.000024E-3	9.999899E-4	7.804450E+0	0.000000E+0	-1.140000E-1	2.095447E-3	-1.894462E-3	1.994954E-3	1.994974E+0				1.641333E-3	-1.448807E-3	1.545070E-3	1.545086E+0	7.827700E+0	0.000000E+0	-1.140000E-1	9.998669E+0	-1.000112E+1	9.999896E+0	9.999997E+3				0.000000E+0	0.000000E+0	0.000000E+0	0.000000E+0				0.000000E+0	0.000000E+0	0.000000E+0	0.000000E+0				0.000000E+0	0.000000E+0	0.000000E+0	0.000000E+0	7.312684E+3	1.399200E+1	1.399200E+1
5.167960E-3	-4.459884E-3	4.813922E-3	9.999557E-4	-1.000024E-3	9.999899E-4	7.913600E+0	0.000000E+0	-1.140000E-1	2.096027E-3	-1.894396E-3	1.995211E-3	1.995232E+0				1.640737E-3	-1.447603E-3	1.544170E-3	1.544186E+0	7.939050E+0	0.000000E+0	-1.140000E-1	9.998643E+0	-1.000112E+1	9.999882E+0	9.999983E+3				0.000000E+0	0.000000E+0	0.000000E+0	0.000000E+0				0.000000E+0	0.000000E+0	0.000000E+0	0.000000E+0				0.000000E+0	0.000000E+0	0.000000E+0	0.000000E+0	7.345750E+3	1.399200E+1	1.399200E+1
5.164631E-3	-4.456052E-3	4.810342E-3	9.999560E-4	-1.000024E-3	9.999900E-4	8.024150E+0	0.000000E+0	-1.140000E-1	2.095573E-3	-1.894051E-3	1.994812E-3	1.994832E+0				1.642382E-3	-1.448565E-3	1.545473E-3	1.545489E+0	8.047450E+0	0.000000E+0	-1.140000E-1	9.998654E+0	-1.000110E+1	9.999879E+0	9.999979E+3				0.000000E+0	0.000000E+0	0.000000E+0	0.000000E+0				0.000000E+0	0.000000E+0	0.000000E+0	0.000000E+0				0.000000E+0	0.000000E+0	0.000000E+0	0.000000E+0	7.378683E+3	1.399200E+1	1.399200E+1
5.153174E-3	-4.444328E-3	4.798751E-3	9.999559E-4	-1.000024E-3	9.999899E-4	8.133500E+0	0.000000E+0	-1.140000E-1	2.095292E-3	-1.895909E-3	1.995601E-3	1.995621E+0				1.639896E-3	-1.449262E-3	1.544579E-3	1.544594E+0	8.157650E+0	0.000000E+0	-1.140000E-1	9.998667E+0	-1.000111E+1	9.999890E+0	9.999990E+3				0.000000E+0	0.000000E+0	0.000000E+0	0.000000E+0				0.000000E+0	0.000000E+0	0.000000E+0	0.000000E+0				0.000000E+0	0.000000E+0	0.000000E+0	0.000000E+0	7.411689E+3	1.399200E+1	1.399200E+1
5.142569E-3	-4.434432E-3	4.788500E-3	9.999557E-4	-1.000024E-3	9.999899E-4	8.243100E+0	0.000000E+0	-1.140000E-1	2.097202E-3	-1.894033E-3	1.995618E-3	1.995638E+0				1.642132E-3	-1.447829E-3	1.544980E-3	1.544996E+0	8.267750E+0	0.000000E+0	-1.140000E-1	9.998666E+0	-1.000112E+1	9.999894E+0	9.999995E+3				0.000000E+0	0.000000E+0	0.000000E+0	0.000000E+0				0.000000E+0	0.000000E+0	0.000000E+0	0.000000E+0				0.000000E+0	0.000000E+0	0.000000E+0	0.000000E+0	7.444364E+3	1.399200E+1	1.399200E+1
5.150079E-3	-4.441627E-3	4.795853E-3	9.999563E-4	-1.000024E-3	9.999901E-4	8.351850E+0	0.000000E+0	-1.140000E-1	2.097178E-3	-1.894507E-3	1.995842E-3	1.995862E+0				1.643100E-3	-1.448778E-3	1.545939E-3	1.545954E+0	8.376100E+0	0.000000E+0	-1.140000E-1	9.998650E+0	-1.000110E+1	9.999877E+0	9.999975E+3				0.000000E+0	0.000000E+0	0.000000E+0	0.000000E+0				0.000000E+0	0.000000E+0	0.000000E+0	0.000000E+0				0.000000E+0	0.000000E+0	0.000000E+0	0.000000E+0	7.477129E+3	1.399200E+1	1.399200E+1
5.141356E-3	-4.433434E-3	4.787395E-3	9.999558E-4	-1.000024E-3	9.999899E-4	8.462550E+0	0.000000E+0	-1.140000E-1	2.096833E-3	-1.893417E-3	1.995125E-3	1.995145E+0				1.643665E-3	-1.448741E-3	1.546203E-3	1.546218E+0	8.485250E+0	0.000000E+0	-1.140000E-1	9.998640E+0	-1.000111E+1	9.999874E+0	9.999975E+3				0.000000E+0	0.000000E+0	0.000000E+0	0.000000E+0				0.000000E+0	0.000000E+0	0.000000E+0	0.000000E+0				0.000000E+0	0.000000E+0	0.000000E+0	0.000000E+0	7.509853E+3	1.399200E+1	1.399200E+1
5.147802E-3	-4.442814E-3	4.795308E-3	9.999560E-4	-1.000024E-3	9.999900E-4	8.571000E+0	0.000000E+0	-1.140000E-1	2.097080E-3	-1.900088E-3	1.998584E-3	1.998604E+0				1.644625E-3	-1.450697E-3	1.547661E-3	1.547677E+0	8.592050E+0	0.000000E+0	-1.140000E-1	9.998671E+0	-1.000110E+1	9.999887E+0	9.999987E+3				0.000000E+0	0.000000E+0	0.000000E+0	0.000000E+0				0.000000E+0	0.000000E+0	0.000000E+0	0.000000E+0				0.000000E+0	0.000000E+0	0.000000E+0	0.000000E+0	7.542424E+3	1.399200E+1	1.399200E+1
5.759391E-3	-5.202312E-3	5.480851E-3	9.999557E-4	-1.000024E-3	9.999899E-4	8.678300E+0	0.000000E+0	-1.140000E-1	2.808043E-3	-2.753840E-3	2.780941E-3	2.780970E+0				1.645357E-3	-1.449230E-3	1.547293E-3	1.547309E+0	8.702950E+0	0.000000E+0	-1.140000E-1	9.998669E+0	-1.000112E+1	9.999896E+0	9.999998E+3				0.000000E+0	0.000000E+0	0.000000E+0	0.000000E+0				0.000000E+0	0.000000E+0	0.000000E+0	0.000000E+0				0.000000E+0	0.000000E+0	0.000000E+0	0.000000E+0	7.574900E+3	1.399200E+1	1.399200E+1
1.338667E-2	-1.271208E-2	1.304938E-2	9.999558E-4	-1.000024E-3	9.999899E-4	8.786550E+0	0.000000E+0	-1.140000E-1	1.036584E-2	-1.018127E-2	1.027356E-2	1.027366E+1				1.646453E-3	-1.450964E-3	1.548708E-3	1.548724E+0	8.811350E+0	0.000000E+0	-1.140000E-1	9.998634E+0	-1.000112E+1	9.999878E+0	9.999979E+3				0.000000E+0	0.000000E+0	0.000000E+0	0.000000E+0				0.000000E+0	0.000000E+0	0.000000E+0	0.000000E+0				0.000000E+0	0.000000E+0	0.000000E+0	0.000000E+0	7.607572E+3	1.399200E+1	1.399200E+1
1.347245E-2	-1.276495E-2	1.311870E-2	9.999559E-4	-1.000024E-3	9.999899E-4	8.895500E+0	0.000000E+0	-1.140000E-1	1.042377E-2	-1.022209E-2	1.032293E-2	1.032303E+1				1.646641E-3	-1.453088E-3	1.549864E-3	1.549880E+0	8.919100E+0	0.000000E+0	-1.140000E-1	9.998637E+0	-1.000112E+1	9.999876E+0	9.999977E+3				0.000000E+0	0.000000E+0	0.000000E+0	0.000000E+0				0.000000E+0	0.000000E+0	0.000000E+0	0.000000E+0				0.000000E+0	0.000000E+0	0.000000E+0	0.000000E+0	7.640189E+3	1.399200E+1	1.399200E+1
1.347091E-2	-1.276318E-2	1.311705E-2	9.999560E-4	-1.000024E-3	9.999900E-4	9.004200E+0	0.000000E+0	-1.140000E-1	1.042469E-2	-1.022333E-2	1.032401E-2	1.032411E+1				1.647808E-3	-1.453565E-3	1.550687E-3	1.550702E+0	9.026750E+0	0.000000E+0	-1.140000E-1	9.998640E+0	-1.000111E+1	9.999876E+0	9.999976E+3				0.000000E+0	0.000000E+0	0.000000E+0	0.000000E+0				0.000000E+0	0.000000E+0	0.000000E+0	0.000000E+0				0.000000E+0	0.000000E+0	0.000000E+0	0.000000E+0	7.672671E+3	1.399200E+1	1.399200E+1
1.348396E-2	-1.277588E-2	1.312992E-2	9.999560E-4	-1.000024E-3	9.999900E-4	9.113500E+0	0.000000E+0	-1.140000E-1	1.042543E-2	-1.022406E-2	1.032475E-2	1.032485E+1				1.651960E-3	-1.458214E-3	1.555087E-3	1.555103E+0	9.135300E+0	0.000000E+0	-1.140000E-1	9.998656E+0	-1.000111E+1	9.999882E+0	9.999982E+3				0.000000E+0	0.000000E+0	0.000000E+0	0.000000E+0				0.000000E+0	0.000000E+0	0.000000E+0	0.000000E+0				0.000000E+0	0.000000E+0	0.000000E+0	0.000000E+0	7.705226E+3	1.399200E+1	1.399200E+1
1.347818E-2	-1.276971E-2	1.312394E-2	9.999559E-4	-1.000024E-3	9.999899E-4	9.221050E+0	0.000000E+0	-1.140000E-1	1.042678E-2	-1.022344E-2	1.032511E-2	1.032521E+1				2.163789E-3	-2.538507E-3	2.351148E-3	2.351172E+0	9.244550E+0	0.000000E+0	-1.140000E-1	9.998652E+0	-1.000110E+1	9.999876E+0	9.999977E+3				0.000000E+0	0.000000E+0	0.000000E+0	0.000000E+0				0.000000E+0	0.000000E+0	0.000000E+0	0.000000E+0				0.000000E+0	0.000000E+0	0.000000E+0	0.000000E+0	7.737831E+3	1.399200E+1	1.399200E+1
1.348205E-2	-1.277458E-2	1.312832E-2	9.999556E-4	-1.000024E-3	9.999898E-4	9.329650E+0	0.000000E+0	-1.140000E-1	1.042632E-2	-1.022591E-2	1.032612E-2	1.032622E+1				2.197601E-2	-2.178548E-2	2.188075E-2	2.188097E+1	9.355200E+0	0.000000E+0	-1.140000E-1	9.998639E+0	-1.000112E+1	9.999878E+0	9.999980E+3				0.000000E+0	0.000000E+0	0.000000E+0	0.000000E+0				0.000000E+0	0.000000E+0	0.000000E+0	0.000000E+0				0.000000E+0	0.000000E+0	0.000000E+0	0.000000E+0	7.770655E+3	1.399200E+1	1.399200E+1
1.348042E-2	-1.277133E-2	1.312587E-2	9.999556E-4	-1.000024E-3	9.999898E-4	9.438450E+0	0.000000E+0	-1.140000E-1	1.042717E-2	-1.022515E-2	1.032616E-2	1.032627E+1				2.198606E-2	-2.179404E-2	2.189005E-2	2.189027E+1	9.463350E+0	0.000000E+0	-1.140000E-1	9.998643E+0	-1.000112E+1	9.999882E+0	9.999984E+3				0.000000E+0	0.000000E+0	0.000000E+0	0.000000E+0				0.000000E+0	0.000000E+0	0.000000E+0	0.000000E+0				0.000000E+0	0.000000E+0	0.000000E+0	0.000000E+0	7.803258E+3	1.399200E+1	1.399200E+1
1.348313E-2	-1.277509E-2	1.312911E-2	9.999560E-4	-1.000024E-3	9.999900E-4	9.547450E+0	0.000000E+0	-1.140000E-1	1.042768E-2	-1.022590E-2	1.032679E-2	1.032690E+1				2.199014E-2	-2.179983E-2	2.189498E-2	2.189520E+1	9.571950E+0	0.000000E+0	-1.140000E-1	9.998643E+0	-1.000111E+1	9.999878E+0	9.999978E+3				0.000000E+0	0.000000E+0	0.000000E+0	0.000000E+0				0.000000E+0	0.000000E+0	0.000000E+0	0.000000E+0				0.000000E+0	0.000000E+0	0.000000E+0	0.000000E+0	7.835858E+3	1.399200E+1	1.399200E+1
