
Resistance temp-continupus-scan only SMU only (+-)average

SMU-V(+)	SMU-V(-)	SMU-V(+-)/ABS	SMU-I(+)	SMU-I(-)	SMU-I(+-)/ABS	temp-ch1 (K)	EX. temp-ch1(K)	magnetic Field-ch1 (Oe)	2700-CH1(+)	2700-CH1(-)	2700-CH1(+-)	R(+-)-2700-CH1	N/A	N/A	N/A	DMM-2182-CH1(+)	DMM-2182-CH1(-)	DMM-2182-CH1(+-)/ABS	R(+-)-2182-CH1	temp-ch3 (K)	EX. temp-ch3(K)	magnetic Field-ch3 (Oe)	2700-CH3(+)	2700-CH3(-)	2700-CH3(+-)	R(+-)-2700-CH3	N/A	N/A	N/A	DMM-2182-CH4(+)	DMM-2182-CH4(-)	DMM-2182-CH4(+-)/ABS	R(+-)-2182-CH4	temp-ch5 (K)	EX. temp-ch5(K)	magnetic Field-ch5 (Oe)	DMM-CH5(+)	DMM-CH5(-)	DMM-CH5(+-)	R(+-)-CH5	temp-ch6 (K)	EX. temp-ch6(K)	magnetic Field-ch6 (Oe)	DMM-CH6(+)	DMM-CH6(-)	DMM-CH6(+-)	R(+-)-CH6	Time(sec)
6.577034E-3	-6.338181E-3	6.457608E-3	4.999830E-4	-5.000542E-4	5.000186E-4	7.701100E+0	0.000000E+0	-1.090000E-1	5.215941E-3	-5.465697E-3	5.340819E-3	1.068124E+1				0.000000E+0	0.000000E+0	0.000000E+0	0.000000E+0	0.000000E+0	0.000000E+0	0.000000E+0	0.000000E+0	0.000000E+0	0.000000E+0	0.000000E+0				0.000000E+0	0.000000E+0	0.000000E+0	0.000000E+0				0.000000E+0	0.000000E+0	0.000000E+0	0.000000E+0				0.000000E+0	0.000000E+0	0.000000E+0	0.000000E+0	1.431227E+2	0.000000E+0	0.000000E+0
6.816242E-3	-6.604789E-3	6.710515E-3	4.999833E-4	-5.000542E-4	5.000187E-4	7.707400E+0	0.000000E+0	-1.090000E-1	5.488966E-3	-5.712326E-3	5.600646E-3	1.120087E+1				0.000000E+0	0.000000E+0	0.000000E+0	0.000000E+0	0.000000E+0	0.000000E+0	0.000000E+0	0.000000E+0	0.000000E+0	0.000000E+0	0.000000E+0				0.000000E+0	0.000000E+0	0.000000E+0	0.000000E+0				0.000000E+0	0.000000E+0	0.000000E+0	0.000000E+0				0.000000E+0	0.000000E+0	0.000000E+0	0.000000E+0	1.609095E+2	0.000000E+0	0.000000E+0
7.074630E-3	-6.856201E-3	6.965416E-3	4.999831E-4	-5.000547E-4	5.000189E-4	7.714000E+0	0.000000E+0	-1.090000E-1	5.733816E-3	-5.997120E-3	5.865468E-3	1.173049E+1				0.000000E+0	0.000000E+0	0.000000E+0	0.000000E+0	0.000000E+0	0.000000E+0	0.000000E+0	0.000000E+0	0.000000E+0	0.000000E+0	0.000000E+0				0.000000E+0	0.000000E+0	0.000000E+0	0.000000E+0				0.000000E+0	0.000000E+0	0.000000E+0	0.000000E+0				0.000000E+0	0.000000E+0	0.000000E+0	0.000000E+0	1.784499E+2	0.000000E+0	0.000000E+0
7.329716E-3	-7.102406E-3	7.216061E-3	4.999834E-4	-5.000544E-4	5.000189E-4	7.719650E+0	0.000000E+0	-1.090000E-1	5.982758E-3	-6.231224E-3	6.106991E-3	1.221352E+1				0.000000E+0	0.000000E+0	0.000000E+0	0.000000E+0	0.000000E+0	0.000000E+0	0.000000E+0	0.000000E+0	0.000000E+0	0.000000E+0	0.000000E+0				0.000000E+0	0.000000E+0	0.000000E+0	0.000000E+0				0.000000E+0	0.000000E+0	0.000000E+0	0.000000E+0				0.000000E+0	0.000000E+0	0.000000E+0	0.000000E+0	1.960501E+2	0.000000E+0	0.000000E+0
7.546279E-3	-7.310336E-3	7.428308E-3	4.999830E-4	-5.000542E-4	5.000186E-4	7.726350E+0	0.000000E+0	-1.090000E-1	6.189860E-3	-6.443388E-3	6.316624E-3	1.263278E+1				0.000000E+0	0.000000E+0	0.000000E+0	0.000000E+0	0.000000E+0	0.000000E+0	0.000000E+0	0.000000E+0	0.000000E+0	0.000000E+0	0.000000E+0				0.000000E+0	0.000000E+0	0.000000E+0	0.000000E+0				0.000000E+0	0.000000E+0	0.000000E+0	0.000000E+0				0.000000E+0	0.000000E+0	0.000000E+0	0.000000E+0	2.137563E+2	0.000000E+0	0.000000E+0
7.744647E-3	-7.499628E-3	7.622138E-3	4.999832E-4	-5.000543E-4	5.000188E-4	7.732000E+0	0.000000E+0	-1.090000E-1	6.387543E-3	-6.614234E-3	6.500889E-3	1.300129E+1				0.000000E+0	0.000000E+0	0.000000E+0	0.000000E+0	0.000000E+0	0.000000E+0	0.000000E+0	0.000000E+0	0.000000E+0	0.000000E+0	0.000000E+0				0.000000E+0	0.000000E+0	0.000000E+0	0.000000E+0				0.000000E+0	0.000000E+0	0.000000E+0	0.000000E+0				0.000000E+0	0.000000E+0	0.000000E+0	0.000000E+0	2.313629E+2	0.000000E+0	0.000000E+0
7.906851E-3	-7.645913E-3	7.776382E-3	4.999835E-4	-5.000540E-4	5.000188E-4	7.737200E+0	0.000000E+0	-1.090000E-1	6.534299E-3	-6.772380E-3	6.653340E-3	1.330618E+1				0.000000E+0	0.000000E+0	0.000000E+0	0.000000E+0	0.000000E+0	0.000000E+0	0.000000E+0	0.000000E+0	0.000000E+0	0.000000E+0	0.000000E+0				0.000000E+0	0.000000E+0	0.000000E+0	0.000000E+0				0.000000E+0	0.000000E+0	0.000000E+0	0.000000E+0				0.000000E+0	0.000000E+0	0.000000E+0	0.000000E+0	2.490361E+2	0.000000E+0	0.000000E+0
8.052653E-3	-7.796031E-3	7.924342E-3	4.999834E-4	-5.000545E-4	5.000189E-4	7.743150E+0	0.000000E+0	-1.090000E-1	6.679660E-3	-6.911261E-3	6.795461E-3	1.359041E+1				0.000000E+0	0.000000E+0	0.000000E+0	0.000000E+0	0.000000E+0	0.000000E+0	0.000000E+0	0.000000E+0	0.000000E+0	0.000000E+0	0.000000E+0				0.000000E+0	0.000000E+0	0.000000E+0	0.000000E+0				0.000000E+0	0.000000E+0	0.000000E+0	0.000000E+0				0.000000E+0	0.000000E+0	0.000000E+0	0.000000E+0	2.665237E+2	0.000000E+0	0.000000E+0
8.167409E-3	-7.919884E-3	8.043647E-3	4.999831E-4	-5.000544E-4	5.000188E-4	7.748550E+0	0.000000E+0	-1.090000E-1	6.811584E-3	-7.028033E-3	6.919809E-3	1.383910E+1				0.000000E+0	0.000000E+0	0.000000E+0	0.000000E+0	0.000000E+0	0.000000E+0	0.000000E+0	0.000000E+0	0.000000E+0	0.000000E+0	0.000000E+0				0.000000E+0	0.000000E+0	0.000000E+0	0.000000E+0				0.000000E+0	0.000000E+0	0.000000E+0	0.000000E+0				0.000000E+0	0.000000E+0	0.000000E+0	0.000000E+0	2.841383E+2	0.000000E+0	0.000000E+0
8.295873E-3	-8.035537E-3	8.165705E-3	4.999832E-4	-5.000540E-4	5.000186E-4	7.754350E+0	0.000000E+0	-1.090000E-1	6.929074E-3	-7.148518E-3	7.038796E-3	1.407707E+1				0.000000E+0	0.000000E+0	0.000000E+0	0.000000E+0	0.000000E+0	0.000000E+0	0.000000E+0	0.000000E+0	0.000000E+0	0.000000E+0	0.000000E+0				0.000000E+0	0.000000E+0	0.000000E+0	0.000000E+0				0.000000E+0	0.000000E+0	0.000000E+0	0.000000E+0				0.000000E+0	0.000000E+0	0.000000E+0	0.000000E+0	3.018055E+2	0.000000E+0	0.000000E+0
8.387275E-3	-8.116145E-3	8.251710E-3	4.999835E-4	-5.000545E-4	5.000190E-4	7.759500E+0	0.000000E+0	-1.090000E-1	7.006738E-3	-7.218863E-3	7.112800E-3	1.422506E+1				0.000000E+0	0.000000E+0	0.000000E+0	0.000000E+0	0.000000E+0	0.000000E+0	0.000000E+0	0.000000E+0	0.000000E+0	0.000000E+0	0.000000E+0				0.000000E+0	0.000000E+0	0.000000E+0	0.000000E+0				0.000000E+0	0.000000E+0	0.000000E+0	0.000000E+0				0.000000E+0	0.000000E+0	0.000000E+0	0.000000E+0	3.192857E+2	0.000000E+0	0.000000E+0
8.449288E-3	-8.170987E-3	8.310137E-3	4.999830E-4	-5.000546E-4	5.000188E-4	7.765600E+0	0.000000E+0	-1.090000E-1	7.062061E-3	-7.276663E-3	7.169362E-3	1.433818E+1				0.000000E+0	0.000000E+0	0.000000E+0	0.000000E+0	0.000000E+0	0.000000E+0	0.000000E+0	0.000000E+0	0.000000E+0	0.000000E+0	0.000000E+0				0.000000E+0	0.000000E+0	0.000000E+0	0.000000E+0				0.000000E+0	0.000000E+0	0.000000E+0	0.000000E+0				0.000000E+0	0.000000E+0	0.000000E+0	0.000000E+0	3.370348E+2	0.000000E+0	0.000000E+0
