
Resistance temp-continupus-scan only SMU only (+-)average

SMU-V(+)	SMU-V(-)	SMU-V(+-)/ABS	SMU-I(+)	SMU-I(-)	SMU-I(+-)/ABS	temp-ch1 (K)	EX. temp-ch1(K)	magnetic Field-ch1 (Oe)	2700-CH1(+)	2700-CH1(-)	2700-CH1(+-)	R(+-)-2700-CH1	N/A	N/A	N/A	DMM-2182-CH1(+)	DMM-2182-CH1(-)	DMM-2182-CH1(+-)/ABS	R(+-)-2182-CH1	temp-ch3 (K)	EX. temp-ch3(K)	magnetic Field-ch3 (Oe)	2700-CH3(+)	2700-CH3(-)	2700-CH3(+-)	R(+-)-2700-CH3	N/A	N/A	N/A	DMM-2182-CH4(+)	DMM-2182-CH4(-)	DMM-2182-CH4(+-)/ABS	R(+-)-2182-CH4	temp-ch5 (K)	EX. temp-ch5(K)	magnetic Field-ch5 (Oe)	DMM-CH5(+)	DMM-CH5(-)	DMM-CH5(+-)	R(+-)-CH5	temp-ch6 (K)	EX. temp-ch6(K)	magnetic Field-ch6 (Oe)	DMM-CH6(+)	DMM-CH6(-)	DMM-CH6(+-)	R(+-)-CH6	Time(sec)
3.747924E-2	-3.700382E-2	3.724153E-2	4.999829E-4	-5.000551E-4	5.000190E-4	2.999912E+2	0.000000E+0	-9.000000E-3	3.610501E-2	-3.610336E-2	3.610418E-2	7.220562E+1				3.097031E-2	-3.097234E-2	3.097132E-2	6.194030E+1	2.999058E+2	0.000000E+0	-9.000000E-3	1.282897E-1	-1.282982E-1	1.282940E-1	2.565782E+2				0.000000E+0	0.000000E+0	0.000000E+0	0.000000E+0				0.000000E+0	0.000000E+0	0.000000E+0	0.000000E+0				0.000000E+0	0.000000E+0	0.000000E+0	0.000000E+0	1.140114E+2	0.000000E+0	0.000000E+0
3.748065E-2	-3.700128E-2	3.724097E-2	4.999831E-4	-5.000552E-4	5.000192E-4	2.996996E+2	0.000000E+0	-9.000000E-3	3.610219E-2	-3.610340E-2	3.610279E-2	7.220282E+1				3.096756E-2	-3.097068E-2	3.096912E-2	6.193586E+1	2.996515E+2	0.000000E+0	-9.000000E-3	1.282811E-1	-1.282904E-1	1.282858E-1	2.565617E+2				0.000000E+0	0.000000E+0	0.000000E+0	0.000000E+0				0.000000E+0	0.000000E+0	0.000000E+0	0.000000E+0				0.000000E+0	0.000000E+0	0.000000E+0	0.000000E+0	1.459813E+2	0.000000E+0	0.000000E+0
3.747593E-2	-3.699334E-2	3.723464E-2	4.999831E-4	-5.000550E-4	5.000191E-4	2.993813E+2	0.000000E+0	-9.000000E-3	3.609751E-2	-3.609633E-2	3.609692E-2	7.219109E+1				3.096240E-2	-3.096432E-2	3.096336E-2	6.192437E+1	2.992548E+2	0.000000E+0	-9.000000E-3	1.282568E-1	-1.282685E-1	1.282626E-1	2.565155E+2				0.000000E+0	0.000000E+0	0.000000E+0	0.000000E+0				0.000000E+0	0.000000E+0	0.000000E+0	0.000000E+0				0.000000E+0	0.000000E+0	0.000000E+0	0.000000E+0	1.780548E+2	0.000000E+0	0.000000E+0
3.746378E-2	-3.698094E-2	3.722236E-2	4.999833E-4	-5.000551E-4	5.000192E-4	2.986385E+2	0.000000E+0	-9.000000E-3	3.608155E-2	-3.608122E-2	3.608138E-2	7.216000E+1				3.094820E-2	-3.094724E-2	3.094772E-2	6.189307E+1	2.984271E+2	0.000000E+0	-9.000000E-3	1.282132E-1	-1.282169E-1	1.282151E-1	2.564203E+2				0.000000E+0	0.000000E+0	0.000000E+0	0.000000E+0				0.000000E+0	0.000000E+0	0.000000E+0	0.000000E+0				0.000000E+0	0.000000E+0	0.000000E+0	0.000000E+0	2.102332E+2	0.000000E+0	0.000000E+0
3.743113E-2	-3.694941E-2	3.719027E-2	4.999832E-4	-5.000551E-4	5.000192E-4	2.976118E+2	0.000000E+0	-9.000000E-3	3.604885E-2	-3.605067E-2	3.604976E-2	7.209676E+1				3.091922E-2	-3.091686E-2	3.091804E-2	6.183371E+1	2.973145E+2	0.000000E+0	-9.000000E-3	1.281243E-1	-1.281238E-1	1.281240E-1	2.562382E+2				0.000000E+0	0.000000E+0	0.000000E+0	0.000000E+0				0.000000E+0	0.000000E+0	0.000000E+0	0.000000E+0				0.000000E+0	0.000000E+0	0.000000E+0	0.000000E+0	2.422253E+2	0.000000E+0	0.000000E+0
3.737718E-2	-3.689754E-2	3.713736E-2	4.999832E-4	-5.000551E-4	5.000192E-4	2.962397E+2	0.000000E+0	-9.000000E-3	3.599281E-2	-3.599968E-2	3.599624E-2	7.198973E+1				3.087076E-2	-3.086879E-2	3.086977E-2	6.173718E+1	2.959264E+2	0.000000E+0	-9.000000E-3	1.279822E-1	-1.279767E-1	1.279794E-1	2.559491E+2				0.000000E+0	0.000000E+0	0.000000E+0	0.000000E+0				0.000000E+0	0.000000E+0	0.000000E+0	0.000000E+0				0.000000E+0	0.000000E+0	0.000000E+0	0.000000E+0	2.744266E+2	0.000000E+0	0.000000E+0
3.729875E-2	-3.682010E-2	3.705942E-2	4.999833E-4	-5.000550E-4	5.000192E-4	2.946916E+2	0.000000E+0	-9.000000E-3	3.591187E-2	-3.592045E-2	3.591616E-2	7.182957E+1				3.080077E-2	-3.079828E-2	3.079952E-2	6.159669E+1	2.943005E+2	0.000000E+0	-9.000000E-3	1.277780E-1	-1.277698E-1	1.277739E-1	2.555381E+2				0.000000E+0	0.000000E+0	0.000000E+0	0.000000E+0				0.000000E+0	0.000000E+0	0.000000E+0	0.000000E+0				0.000000E+0	0.000000E+0	0.000000E+0	0.000000E+0	3.065138E+2	0.000000E+0	0.000000E+0
3.719215E-2	-3.671484E-2	3.695350E-2	4.999833E-4	-5.000550E-4	5.000192E-4	2.929501E+2	0.000000E+0	-9.000000E-3	3.580676E-2	-3.581607E-2	3.581142E-2	7.162009E+1				3.070992E-2	-3.070641E-2	3.070816E-2	6.141398E+1	2.925282E+2	0.000000E+0	-9.000000E-3	1.275210E-1	-1.275049E-1	1.275130E-1	2.550162E+2				0.000000E+0	0.000000E+0	0.000000E+0	0.000000E+0				0.000000E+0	0.000000E+0	0.000000E+0	0.000000E+0				0.000000E+0	0.000000E+0	0.000000E+0	0.000000E+0	3.383532E+2	0.000000E+0	0.000000E+0
3.706777E-2	-3.659060E-2	3.682919E-2	4.999833E-4	-5.000551E-4	5.000192E-4	2.910735E+2	0.000000E+0	-9.000000E-3	3.567604E-2	-3.568695E-2	3.568149E-2	7.136025E+1				3.059937E-2	-3.059311E-2	3.059624E-2	6.119013E+1	2.906503E+2	0.000000E+0	-9.000000E-3	1.272045E-1	-1.271832E-1	1.271939E-1	2.543779E+2				0.000000E+0	0.000000E+0	0.000000E+0	0.000000E+0				0.000000E+0	0.000000E+0	0.000000E+0	0.000000E+0				0.000000E+0	0.000000E+0	0.000000E+0	0.000000E+0	3.704234E+2	0.000000E+0	0.000000E+0
3.691086E-2	-3.643380E-2	3.667233E-2	4.999838E-4	-5.000547E-4	5.000193E-4	2.890645E+2	0.000000E+0	-9.000000E-3	3.551954E-2	-3.553286E-2	3.552620E-2	7.104966E+1				3.046875E-2	-3.046078E-2	3.046476E-2	6.092718E+1	2.886081E+2	0.000000E+0	-9.000000E-3	1.268347E-1	-1.268133E-1	1.268240E-1	2.536382E+2				0.000000E+0	0.000000E+0	0.000000E+0	0.000000E+0				0.000000E+0	0.000000E+0	0.000000E+0	0.000000E+0				0.000000E+0	0.000000E+0	0.000000E+0	0.000000E+0	4.027197E+2	0.000000E+0	0.000000E+0
3.673765E-2	-3.626050E-2	3.649907E-2	4.999837E-4	-5.000550E-4	5.000193E-4	2.869871E+2	0.000000E+0	-9.000000E-3	3.534578E-2	-3.535798E-2	3.535188E-2	7.070102E+1				3.032342E-2	-3.031409E-2	3.031876E-2	6.063517E+1	2.864988E+2	0.000000E+0	-9.000000E-3	1.264257E-1	-1.263975E-1	1.264116E-1	2.528134E+2				0.000000E+0	0.000000E+0	0.000000E+0	0.000000E+0				0.000000E+0	0.000000E+0	0.000000E+0	0.000000E+0				0.000000E+0	0.000000E+0	0.000000E+0	0.000000E+0	4.347286E+2	0.000000E+0	0.000000E+0
3.654502E-2	-3.606882E-2	3.630692E-2	4.999838E-4	-5.000550E-4	5.000194E-4	2.848123E+2	0.000000E+0	-9.000000E-3	3.515214E-2	-3.516685E-2	3.515949E-2	7.031626E+1				3.016181E-2	-3.015017E-2	3.015599E-2	6.030964E+1	2.843307E+2	0.000000E+0	-9.000000E-3	1.259766E-1	-1.259484E-1	1.259625E-1	2.519152E+2				0.000000E+0	0.000000E+0	0.000000E+0	0.000000E+0				0.000000E+0	0.000000E+0	0.000000E+0	0.000000E+0				0.000000E+0	0.000000E+0	0.000000E+0	0.000000E+0	4.669259E+2	0.000000E+0	0.000000E+0
3.633909E-2	-3.586339E-2	3.610124E-2	4.999834E-4	-5.000551E-4	5.000193E-4	2.826139E+2	0.000000E+0	-9.000000E-3	3.494569E-2	-3.496128E-2	3.495348E-2	6.990428E+1				2.998982E-2	-2.997673E-2	2.998328E-2	5.996424E+1	2.820973E+2	0.000000E+0	-9.000000E-3	1.254928E-1	-1.254621E-1	1.254774E-1	2.509452E+2				0.000000E+0	0.000000E+0	0.000000E+0	0.000000E+0				0.000000E+0	0.000000E+0	0.000000E+0	0.000000E+0				0.000000E+0	0.000000E+0	0.000000E+0	0.000000E+0	4.990138E+2	0.000000E+0	0.000000E+0
3.612002E-2	-3.564481E-2	3.588242E-2	4.999835E-4	-5.000554E-4	5.000195E-4	2.803379E+2	0.000000E+0	-9.000000E-3	3.472086E-2	-3.474047E-2	3.473067E-2	6.945863E+1				2.980507E-2	-2.979096E-2	2.979801E-2	5.959371E+1	2.798076E+2	0.000000E+0	-9.000000E-3	1.249789E-1	-1.249458E-1	1.249623E-1	2.499150E+2				0.000000E+0	0.000000E+0	0.000000E+0	0.000000E+0				0.000000E+0	0.000000E+0	0.000000E+0	0.000000E+0				0.000000E+0	0.000000E+0	0.000000E+0	0.000000E+0	5.313110E+2	0.000000E+0	0.000000E+0
3.588647E-2	-3.541476E-2	3.565061E-2	4.999834E-4	-5.000551E-4	5.000193E-4	2.780389E+2	0.000000E+0	-9.000000E-3	3.448882E-2	-3.450909E-2	3.449896E-2	6.899526E+1				2.961324E-2	-2.959919E-2	2.960621E-2	5.921015E+1	2.774799E+2	0.000000E+0	-9.000000E-3	1.244405E-1	-1.244025E-1	1.244215E-1	2.488335E+2				0.000000E+0	0.000000E+0	0.000000E+0	0.000000E+0				0.000000E+0	0.000000E+0	0.000000E+0	0.000000E+0				0.000000E+0	0.000000E+0	0.000000E+0	0.000000E+0	5.633222E+2	0.000000E+0	0.000000E+0
3.564320E-2	-3.517308E-2	3.540814E-2	4.999833E-4	-5.000554E-4	5.000193E-4	2.756814E+2	0.000000E+0	-9.000000E-3	3.424751E-2	-3.426979E-2	3.425865E-2	6.851464E+1				2.941413E-2	-2.939909E-2	2.940661E-2	5.881094E+1	2.751559E+2	0.000000E+0	-9.000000E-3	1.238780E-1	-1.238404E-1	1.238592E-1	2.477089E+2				0.000000E+0	0.000000E+0	0.000000E+0	0.000000E+0				0.000000E+0	0.000000E+0	0.000000E+0	0.000000E+0				0.000000E+0	0.000000E+0	0.000000E+0	0.000000E+0	5.955021E+2	0.000000E+0	0.000000E+0
3.539687E-2	-3.492842E-2	3.516264E-2	4.999836E-4	-5.000550E-4	5.000193E-4	2.733128E+2	0.000000E+0	-9.000000E-3	3.399698E-2	-3.402536E-2	3.401117E-2	6.801972E+1				2.920697E-2	-2.919446E-2	2.920071E-2	5.839917E+1	2.728194E+2	0.000000E+0	-9.000000E-3	1.232956E-1	-1.232533E-1	1.232745E-1	2.465394E+2				0.000000E+0	0.000000E+0	0.000000E+0	0.000000E+0				0.000000E+0	0.000000E+0	0.000000E+0	0.000000E+0				0.000000E+0	0.000000E+0	0.000000E+0	0.000000E+0	6.275271E+2	0.000000E+0	0.000000E+0
3.514268E-2	-3.467437E-2	3.490853E-2	4.999834E-4	-5.000554E-4	5.000194E-4	2.709544E+2	0.000000E+0	-9.000000E-3	3.374385E-2	-3.377145E-2	3.375765E-2	6.751267E+1				2.899828E-2	-2.898341E-2	2.899085E-2	5.797944E+1	2.704407E+2	0.000000E+0	-9.000000E-3	1.226920E-1	-1.226424E-1	1.226672E-1	2.453248E+2				0.000000E+0	0.000000E+0	0.000000E+0	0.000000E+0				0.000000E+0	0.000000E+0	0.000000E+0	0.000000E+0				0.000000E+0	0.000000E+0	0.000000E+0	0.000000E+0	6.594927E+2	0.000000E+0	0.000000E+0
3.488129E-2	-3.441453E-2	3.464791E-2	4.999834E-4	-5.000551E-4	5.000193E-4	2.685840E+2	0.000000E+0	-9.000000E-3	3.347985E-2	-3.350999E-2	3.349492E-2	6.698726E+1				2.878331E-2	-2.876746E-2	2.877538E-2	5.754855E+1	2.680570E+2	0.000000E+0	-9.000000E-3	1.220599E-1	-1.220136E-1	1.220368E-1	2.440641E+2				0.000000E+0	0.000000E+0	0.000000E+0	0.000000E+0				0.000000E+0	0.000000E+0	0.000000E+0	0.000000E+0				0.000000E+0	0.000000E+0	0.000000E+0	0.000000E+0	6.917333E+2	0.000000E+0	0.000000E+0
3.461923E-2	-3.415222E-2	3.438572E-2	4.999837E-4	-5.000552E-4	5.000194E-4	2.661891E+2	0.000000E+0	-9.000000E-3	3.321373E-2	-3.324649E-2	3.323011E-2	6.645764E+1				2.856337E-2	-2.854968E-2	2.855652E-2	5.711083E+1	2.656606E+2	0.000000E+0	-9.000000E-3	1.214125E-1	-1.213679E-1	1.213902E-1	2.427709E+2				0.000000E+0	0.000000E+0	0.000000E+0	0.000000E+0				0.000000E+0	0.000000E+0	0.000000E+0	0.000000E+0				0.000000E+0	0.000000E+0	0.000000E+0	0.000000E+0	7.239011E+2	0.000000E+0	0.000000E+0
3.434682E-2	-3.388388E-2	3.411535E-2	4.999834E-4	-5.000556E-4	5.000195E-4	2.638464E+2	0.000000E+0	-9.000000E-3	3.294731E-2	-3.298051E-2	3.296391E-2	6.592524E+1				2.834527E-2	-2.832977E-2	2.833752E-2	5.667283E+1	2.633428E+2	0.000000E+0	-9.000000E-3	1.207514E-1	-1.207032E-1	1.207273E-1	2.414452E+2				0.000000E+0	0.000000E+0	0.000000E+0	0.000000E+0				0.000000E+0	0.000000E+0	0.000000E+0	0.000000E+0				0.000000E+0	0.000000E+0	0.000000E+0	0.000000E+0	7.558356E+2	0.000000E+0	0.000000E+0
3.407746E-2	-3.361661E-2	3.384703E-2	4.999836E-4	-5.000557E-4	5.000196E-4	2.614948E+2	0.000000E+0	-9.000000E-3	3.267579E-2	-3.271221E-2	3.269400E-2	6.538543E+1				2.812329E-2	-2.810712E-2	2.811521E-2	5.622821E+1	2.609584E+2	0.000000E+0	-9.000000E-3	1.200735E-1	-1.200269E-1	1.200502E-1	2.400909E+2				0.000000E+0	0.000000E+0	0.000000E+0	0.000000E+0				0.000000E+0	0.000000E+0	0.000000E+0	0.000000E+0				0.000000E+0	0.000000E+0	0.000000E+0	0.000000E+0	7.877697E+2	0.000000E+0	0.000000E+0
3.380457E-2	-3.334531E-2	3.357494E-2	4.999839E-4	-5.000555E-4	5.000197E-4	2.591264E+2	0.000000E+0	-9.000000E-3	3.240372E-2	-3.244305E-2	3.242339E-2	6.484422E+1				2.790038E-2	-2.788476E-2	2.789257E-2	5.578294E+1	2.585879E+2	0.000000E+0	-9.000000E-3	1.193860E-1	-1.193363E-1	1.193611E-1	2.387128E+2				0.000000E+0	0.000000E+0	0.000000E+0	0.000000E+0				0.000000E+0	0.000000E+0	0.000000E+0	0.000000E+0				0.000000E+0	0.000000E+0	0.000000E+0	0.000000E+0	8.197221E+2	0.000000E+0	0.000000E+0
3.353143E-2	-3.307642E-2	3.330392E-2	4.999836E-4	-5.000554E-4	5.000195E-4	2.567812E+2	0.000000E+0	-9.000000E-3	3.213191E-2	-3.217271E-2	3.215231E-2	6.430211E+1				2.767671E-2	-2.766174E-2	2.766923E-2	5.533630E+1	2.562718E+2	0.000000E+0	-9.000000E-3	1.186929E-1	-1.186410E-1	1.186670E-1	2.373247E+2				0.000000E+0	0.000000E+0	0.000000E+0	0.000000E+0				0.000000E+0	0.000000E+0	0.000000E+0	0.000000E+0				0.000000E+0	0.000000E+0	0.000000E+0	0.000000E+0	8.514653E+2	0.000000E+0	0.000000E+0
3.325930E-2	-3.280407E-2	3.303168E-2	4.999839E-4	-5.000549E-4	5.000194E-4	2.544446E+2	0.000000E+0	-9.000000E-3	3.185795E-2	-3.190115E-2	3.187955E-2	6.375662E+1				2.745103E-2	-2.743755E-2	2.744429E-2	5.488645E+1	2.539221E+2	0.000000E+0	-9.000000E-3	1.179885E-1	-1.179354E-1	1.179620E-1	2.359148E+2				0.000000E+0	0.000000E+0	0.000000E+0	0.000000E+0				0.000000E+0	0.000000E+0	0.000000E+0	0.000000E+0				0.000000E+0	0.000000E+0	0.000000E+0	0.000000E+0	8.832590E+2	0.000000E+0	0.000000E+0
3.298499E-2	-3.253482E-2	3.275990E-2	4.999838E-4	-5.000551E-4	5.000195E-4	2.521352E+2	0.000000E+0	-9.000000E-3	3.158573E-2	-3.163097E-2	3.160835E-2	6.321424E+1				2.722815E-2	-2.721383E-2	2.722099E-2	5.443986E+1	2.516030E+2	0.000000E+0	-9.000000E-3	1.172790E-1	-1.172270E-1	1.172530E-1	2.344969E+2				0.000000E+0	0.000000E+0	0.000000E+0	0.000000E+0				0.000000E+0	0.000000E+0	0.000000E+0	0.000000E+0				0.000000E+0	0.000000E+0	0.000000E+0	0.000000E+0	9.149319E+2	0.000000E+0	0.000000E+0
3.271103E-2	-3.226499E-2	3.248801E-2	4.999839E-4	-5.000553E-4	5.000196E-4	2.498082E+2	0.000000E+0	-9.000000E-3	3.131396E-2	-3.136083E-2	3.133739E-2	6.267233E+1				2.700429E-2	-2.699086E-2	2.699758E-2	5.399304E+1	2.492946E+2	0.000000E+0	-9.000000E-3	1.165639E-1	-1.165129E-1	1.165384E-1	2.330677E+2				0.000000E+0	0.000000E+0	0.000000E+0	0.000000E+0				0.000000E+0	0.000000E+0	0.000000E+0	0.000000E+0				0.000000E+0	0.000000E+0	0.000000E+0	0.000000E+0	9.465409E+2	0.000000E+0	0.000000E+0
3.243534E-2	-3.199201E-2	3.221367E-2	4.999838E-4	-5.000556E-4	5.000197E-4	2.475148E+2	0.000000E+0	-9.000000E-3	3.104023E-2	-3.109029E-2	3.106526E-2	6.212808E+1				2.678240E-2	-2.676652E-2	2.677446E-2	5.354681E+1	2.470037E+2	0.000000E+0	-9.000000E-3	1.158455E-1	-1.157875E-1	1.158165E-1	2.316239E+2				0.000000E+0	0.000000E+0	0.000000E+0	0.000000E+0				0.000000E+0	0.000000E+0	0.000000E+0	0.000000E+0				0.000000E+0	0.000000E+0	0.000000E+0	0.000000E+0	9.780533E+2	0.000000E+0	0.000000E+0
3.216019E-2	-3.171905E-2	3.193962E-2	4.999840E-4	-5.000551E-4	5.000195E-4	2.452229E+2	0.000000E+0	-9.000000E-3	3.076556E-2	-3.081709E-2	3.079133E-2	6.158025E+1				2.655659E-2	-2.654152E-2	2.654905E-2	5.309603E+1	2.447186E+2	0.000000E+0	-9.000000E-3	1.151174E-1	-1.150621E-1	1.150897E-1	2.301705E+2				0.000000E+0	0.000000E+0	0.000000E+0	0.000000E+0				0.000000E+0	0.000000E+0	0.000000E+0	0.000000E+0				0.000000E+0	0.000000E+0	0.000000E+0	0.000000E+0	1.009915E+3	0.000000E+0	0.000000E+0
3.188919E-2	-3.145080E-2	3.166999E-2	4.999838E-4	-5.000553E-4	5.000195E-4	2.429359E+2	0.000000E+0	-9.000000E-3	3.049258E-2	-3.054596E-2	3.051927E-2	6.103615E+1				2.633249E-2	-2.631814E-2	2.632532E-2	5.264858E+1	2.424427E+2	0.000000E+0	-9.000000E-3	1.143908E-1	-1.143324E-1	1.143616E-1	2.287143E+2				0.000000E+0	0.000000E+0	0.000000E+0	0.000000E+0				0.000000E+0	0.000000E+0	0.000000E+0	0.000000E+0				0.000000E+0	0.000000E+0	0.000000E+0	0.000000E+0	1.041632E+3	0.000000E+0	0.000000E+0
3.161705E-2	-3.118044E-2	3.139874E-2	4.999838E-4	-5.000555E-4	5.000196E-4	2.407020E+2	0.000000E+0	-9.000000E-3	3.021814E-2	-3.027350E-2	3.024582E-2	6.048926E+1				2.610812E-2	-2.609337E-2	2.610074E-2	5.219944E+1	2.402358E+2	0.000000E+0	-9.000000E-3	1.136578E-1	-1.136076E-1	1.136327E-1	2.272565E+2				0.000000E+0	0.000000E+0	0.000000E+0	0.000000E+0				0.000000E+0	0.000000E+0	0.000000E+0	0.000000E+0				0.000000E+0	0.000000E+0	0.000000E+0	0.000000E+0	1.073527E+3	0.000000E+0	0.000000E+0
3.134899E-2	-3.091395E-2	3.113147E-2	4.999837E-4	-5.000557E-4	5.000197E-4	2.385128E+2	0.000000E+0	-9.000000E-3	2.994906E-2	-3.000394E-2	2.997650E-2	5.995064E+1				2.588611E-2	-2.586990E-2	2.587800E-2	5.175397E+1	2.379914E+2	0.000000E+0	-9.000000E-3	1.129260E-1	-1.128690E-1	1.128975E-1	2.257861E+2				0.000000E+0	0.000000E+0	0.000000E+0	0.000000E+0				0.000000E+0	0.000000E+0	0.000000E+0	0.000000E+0				0.000000E+0	0.000000E+0	0.000000E+0	0.000000E+0	1.105374E+3	0.000000E+0	0.000000E+0
3.107771E-2	-3.064571E-2	3.086171E-2	4.999840E-4	-5.000554E-4	5.000197E-4	2.362748E+2	0.000000E+0	-9.000000E-3	2.967779E-2	-2.973541E-2	2.970660E-2	5.941087E+1				2.566320E-2	-2.564783E-2	2.565551E-2	5.130901E+1	2.357894E+2	0.000000E+0	-9.000000E-3	1.121938E-1	-1.121413E-1	1.121676E-1	2.243263E+2				0.000000E+0	0.000000E+0	0.000000E+0	0.000000E+0				0.000000E+0	0.000000E+0	0.000000E+0	0.000000E+0				0.000000E+0	0.000000E+0	0.000000E+0	0.000000E+0	1.137132E+3	0.000000E+0	0.000000E+0
3.080631E-2	-3.037650E-2	3.059141E-2	4.999841E-4	-5.000553E-4	5.000197E-4	2.340889E+2	0.000000E+0	-9.000000E-3	2.940870E-2	-2.946927E-2	2.943898E-2	5.887565E+1				2.544283E-2	-2.542735E-2	2.543509E-2	5.086817E+1	2.336018E+2	0.000000E+0	-9.000000E-3	1.114697E-1	-1.114145E-1	1.114421E-1	2.228754E+2				0.000000E+0	0.000000E+0	0.000000E+0	0.000000E+0				0.000000E+0	0.000000E+0	0.000000E+0	0.000000E+0				0.000000E+0	0.000000E+0	0.000000E+0	0.000000E+0	1.168734E+3	0.000000E+0	0.000000E+0
3.053595E-2	-3.010766E-2	3.032181E-2	4.999841E-4	-5.000556E-4	5.000199E-4	2.318559E+2	0.000000E+0	-9.000000E-3	2.914151E-2	-2.920411E-2	2.917281E-2	5.834331E+1				2.522461E-2	-2.520845E-2	2.521653E-2	5.043106E+1	2.313809E+2	0.000000E+0	-9.000000E-3	1.107424E-1	-1.106877E-1	1.107151E-1	2.214213E+2				0.000000E+0	0.000000E+0	0.000000E+0	0.000000E+0				0.000000E+0	0.000000E+0	0.000000E+0	0.000000E+0				0.000000E+0	0.000000E+0	0.000000E+0	0.000000E+0	1.200251E+3	0.000000E+0	0.000000E+0
3.026933E-2	-2.984367E-2	3.005650E-2	4.999839E-4	-5.000556E-4	5.000198E-4	2.296584E+2	0.000000E+0	-9.000000E-3	2.887462E-2	-2.893879E-2	2.890670E-2	5.781112E+1				2.500429E-2	-2.498796E-2	2.499613E-2	4.999028E+1	2.291781E+2	0.000000E+0	-9.000000E-3	1.100079E-1	-1.099535E-1	1.099807E-1	2.199527E+2				0.000000E+0	0.000000E+0	0.000000E+0	0.000000E+0				0.000000E+0	0.000000E+0	0.000000E+0	0.000000E+0				0.000000E+0	0.000000E+0	0.000000E+0	0.000000E+0	1.232029E+3	0.000000E+0	0.000000E+0
3.000389E-2	-2.958028E-2	2.979208E-2	4.999840E-4	-5.000554E-4	5.000197E-4	2.274287E+2	0.000000E+0	-9.000000E-3	2.860770E-2	-2.867446E-2	2.864108E-2	5.727990E+1				2.478495E-2	-2.476965E-2	2.477730E-2	4.955265E+1	2.269278E+2	0.000000E+0	-9.000000E-3	1.092861E-1	-1.092300E-1	1.092580E-1	2.185075E+2				0.000000E+0	0.000000E+0	0.000000E+0	0.000000E+0				0.000000E+0	0.000000E+0	0.000000E+0	0.000000E+0				0.000000E+0	0.000000E+0	0.000000E+0	0.000000E+0	1.263841E+3	0.000000E+0	0.000000E+0
2.974246E-2	-2.931955E-2	2.953100E-2	4.999839E-4	-5.000555E-4	5.000197E-4	2.252255E+2	0.000000E+0	-9.000000E-3	2.834414E-2	-2.841227E-2	2.837820E-2	5.675417E+1				2.456736E-2	-2.455132E-2	2.455934E-2	4.911674E+1	2.247321E+2	0.000000E+0	-9.000000E-3	1.085582E-1	-1.085037E-1	1.085310E-1	2.170534E+2				0.000000E+0	0.000000E+0	0.000000E+0	0.000000E+0				0.000000E+0	0.000000E+0	0.000000E+0	0.000000E+0				0.000000E+0	0.000000E+0	0.000000E+0	0.000000E+0	1.295606E+3	0.000000E+0	0.000000E+0
2.947417E-2	-2.905432E-2	2.926425E-2	4.999840E-4	-5.000554E-4	5.000197E-4	2.229815E+2	0.000000E+0	-9.000000E-3	2.807921E-2	-2.814922E-2	2.811421E-2	5.622621E+1				2.434867E-2	-2.433422E-2	2.434145E-2	4.868097E+1	2.224838E+2	0.000000E+0	-9.000000E-3	1.078339E-1	-1.077798E-1	1.078069E-1	2.156052E+2				0.000000E+0	0.000000E+0	0.000000E+0	0.000000E+0				0.000000E+0	0.000000E+0	0.000000E+0	0.000000E+0				0.000000E+0	0.000000E+0	0.000000E+0	0.000000E+0	1.327402E+3	0.000000E+0	0.000000E+0
2.921202E-2	-2.879434E-2	2.900318E-2	4.999838E-4	-5.000556E-4	5.000197E-4	2.207764E+2	0.000000E+0	-9.000000E-3	2.781696E-2	-2.788974E-2	2.785335E-2	5.570451E+1				2.413421E-2	-2.411788E-2	2.412604E-2	4.825018E+1	2.202724E+2	0.000000E+0	-9.000000E-3	1.071158E-1	-1.070612E-1	1.070885E-1	2.141686E+2				0.000000E+0	0.000000E+0	0.000000E+0	0.000000E+0				0.000000E+0	0.000000E+0	0.000000E+0	0.000000E+0				0.000000E+0	0.000000E+0	0.000000E+0	0.000000E+0	1.358905E+3	0.000000E+0	0.000000E+0
2.895530E-2	-2.853623E-2	2.874576E-2	4.999838E-4	-5.000555E-4	5.000196E-4	2.184608E+2	0.000000E+0	-9.000000E-3	2.755563E-2	-2.763081E-2	2.759322E-2	5.518427E+1				2.392032E-2	-2.390433E-2	2.391233E-2	4.782277E+1	2.179330E+2	0.000000E+0	-9.000000E-3	1.063974E-1	-1.063436E-1	1.063705E-1	2.127327E+2				0.000000E+0	0.000000E+0	0.000000E+0	0.000000E+0				0.000000E+0	0.000000E+0	0.000000E+0	0.000000E+0				0.000000E+0	0.000000E+0	0.000000E+0	0.000000E+0	1.390468E+3	0.000000E+0	0.000000E+0
2.869678E-2	-2.827686E-2	2.848682E-2	4.999836E-4	-5.000551E-4	5.000193E-4	2.161387E+2	0.000000E+0	-9.000000E-3	2.729560E-2	-2.737197E-2	2.733379E-2	5.466546E+1				2.370436E-2	-2.368881E-2	2.369658E-2	4.739133E+1	2.156087E+2	0.000000E+0	-9.000000E-3	1.056770E-1	-1.056225E-1	1.056497E-1	2.112913E+2				0.000000E+0	0.000000E+0	0.000000E+0	0.000000E+0				0.000000E+0	0.000000E+0	0.000000E+0	0.000000E+0				0.000000E+0	0.000000E+0	0.000000E+0	0.000000E+0	1.422272E+3	0.000000E+0	0.000000E+0
2.843742E-2	-2.802111E-2	2.822926E-2	4.999837E-4	-5.000556E-4	5.000196E-4	2.138165E+2	0.000000E+0	-9.000000E-3	2.703696E-2	-2.711386E-2	2.707541E-2	5.414870E+1				2.349153E-2	-2.347613E-2	2.348383E-2	4.696582E+1	2.133370E+2	0.000000E+0	-9.000000E-3	1.049645E-1	-1.049076E-1	1.049361E-1	2.098639E+2				0.000000E+0	0.000000E+0	0.000000E+0	0.000000E+0				0.000000E+0	0.000000E+0	0.000000E+0	0.000000E+0				0.000000E+0	0.000000E+0	0.000000E+0	0.000000E+0	1.453893E+3	0.000000E+0	0.000000E+0
2.818042E-2	-2.776755E-2	2.797398E-2	4.999841E-4	-5.000557E-4	5.000199E-4	2.115934E+2	0.000000E+0	-9.000000E-3	2.678039E-2	-2.686049E-2	2.682044E-2	5.363874E+1				2.327980E-2	-2.326253E-2	2.327116E-2	4.654048E+1	2.110873E+2	0.000000E+0	-9.000000E-3	1.042521E-1	-1.041956E-1	1.042239E-1	2.084394E+2				0.000000E+0	0.000000E+0	0.000000E+0	0.000000E+0				0.000000E+0	0.000000E+0	0.000000E+0	0.000000E+0				0.000000E+0	0.000000E+0	0.000000E+0	0.000000E+0	1.485532E+3	0.000000E+0	0.000000E+0
2.792527E-2	-2.751468E-2	2.771998E-2	4.999840E-4	-5.000556E-4	5.000198E-4	2.093343E+2	0.000000E+0	-9.000000E-3	2.652535E-2	-2.660536E-2	2.656536E-2	5.312861E+1				2.306884E-2	-2.305248E-2	2.306066E-2	4.611950E+1	2.088693E+2	0.000000E+0	-9.000000E-3	1.035412E-1	-1.034854E-1	1.035133E-1	2.070185E+2				0.000000E+0	0.000000E+0	0.000000E+0	0.000000E+0				0.000000E+0	0.000000E+0	0.000000E+0	0.000000E+0				0.000000E+0	0.000000E+0	0.000000E+0	0.000000E+0	1.517010E+3	0.000000E+0	0.000000E+0
2.767014E-2	-2.725899E-2	2.746456E-2	4.999838E-4	-5.000553E-4	5.000195E-4	2.071240E+2	0.000000E+0	-9.000000E-3	2.626580E-2	-2.634970E-2	2.630775E-2	5.261344E+1				2.285697E-2	-2.284029E-2	2.284863E-2	4.569548E+1	2.066226E+2	0.000000E+0	-9.000000E-3	1.028262E-1	-1.027714E-1	1.027988E-1	2.055896E+2				0.000000E+0	0.000000E+0	0.000000E+0	0.000000E+0				0.000000E+0	0.000000E+0	0.000000E+0	0.000000E+0				0.000000E+0	0.000000E+0	0.000000E+0	0.000000E+0	1.548907E+3	0.000000E+0	0.000000E+0
2.741426E-2	-2.700651E-2	2.721039E-2	4.999843E-4	-5.000554E-4	5.000199E-4	2.049269E+2	0.000000E+0	-9.000000E-3	2.601156E-2	-2.609712E-2	2.605434E-2	5.210661E+1				2.264496E-2	-2.262930E-2	2.263713E-2	4.527247E+1	2.044170E+2	0.000000E+0	-9.000000E-3	1.021194E-1	-1.020594E-1	1.020894E-1	2.041707E+2				0.000000E+0	0.000000E+0	0.000000E+0	0.000000E+0				0.000000E+0	0.000000E+0	0.000000E+0	0.000000E+0				0.000000E+0	0.000000E+0	0.000000E+0	0.000000E+0	1.580674E+3	0.000000E+0	0.000000E+0
2.715385E-2	-2.674945E-2	2.695165E-2	4.999840E-4	-5.000551E-4	5.000195E-4	2.027475E+2	0.000000E+0	-9.000000E-3	2.575782E-2	-2.584430E-2	2.580106E-2	5.160011E+1				2.243427E-2	-2.241914E-2	2.242670E-2	4.485165E+1	2.022639E+2	0.000000E+0	-9.000000E-3	1.014118E-1	-1.013567E-1	1.013843E-1	2.027606E+2				0.000000E+0	0.000000E+0	0.000000E+0	0.000000E+0				0.000000E+0	0.000000E+0	0.000000E+0	0.000000E+0				0.000000E+0	0.000000E+0	0.000000E+0	0.000000E+0	1.612418E+3	0.000000E+0	0.000000E+0
2.690509E-2	-2.650315E-2	2.670412E-2	4.999839E-4	-5.000554E-4	5.000196E-4	2.005926E+2	0.000000E+0	-9.000000E-3	2.550659E-2	-2.559552E-2	2.555105E-2	5.110010E+1				2.222684E-2	-2.221040E-2	2.221862E-2	4.443548E+1	2.001262E+2	0.000000E+0	-9.000000E-3	1.007101E-1	-1.006557E-1	1.006829E-1	2.013578E+2				0.000000E+0	0.000000E+0	0.000000E+0	0.000000E+0				0.000000E+0	0.000000E+0	0.000000E+0	0.000000E+0				0.000000E+0	0.000000E+0	0.000000E+0	0.000000E+0	1.643996E+3	0.000000E+0	0.000000E+0
2.665463E-2	-2.625333E-2	2.645398E-2	4.999842E-4	-5.000552E-4	5.000197E-4	1.985079E+2	0.000000E+0	-9.000000E-3	2.525618E-2	-2.534619E-2	2.530119E-2	5.060038E+1				2.202009E-2	-2.200436E-2	2.201223E-2	4.402272E+1	1.980466E+2	0.000000E+0	-9.000000E-3	1.000113E-1	-9.995937E-2	9.998534E-2	1.999628E+2				0.000000E+0	0.000000E+0	0.000000E+0	0.000000E+0				0.000000E+0	0.000000E+0	0.000000E+0	0.000000E+0				0.000000E+0	0.000000E+0	0.000000E+0	0.000000E+0	1.675493E+3	0.000000E+0	0.000000E+0
2.640546E-2	-2.600321E-2	2.620433E-2	4.999840E-4	-5.000554E-4	5.000197E-4	1.964350E+2	0.000000E+0	-9.000000E-3	2.500667E-2	-2.509765E-2	2.505216E-2	5.010234E+1				2.181269E-2	-2.179885E-2	2.180577E-2	4.360983E+1	1.959863E+2	0.000000E+0	-9.000000E-3	9.931408E-2	-9.925503E-2	9.928455E-2	1.985613E+2				0.000000E+0	0.000000E+0	0.000000E+0	0.000000E+0				0.000000E+0	0.000000E+0	0.000000E+0	0.000000E+0				0.000000E+0	0.000000E+0	0.000000E+0	0.000000E+0	1.707114E+3	0.000000E+0	0.000000E+0
2.616340E-2	-2.576273E-2	2.596307E-2	4.999840E-4	-5.000553E-4	5.000196E-4	1.943560E+2	0.000000E+0	-9.000000E-3	2.475561E-2	-2.484890E-2	2.480225E-2	4.960256E+1				2.160748E-2	-2.159045E-2	2.159897E-2	4.319624E+1	1.938822E+2	0.000000E+0	-9.000000E-3	9.861620E-2	-9.856286E-2	9.858953E-2	1.971713E+2				0.000000E+0	0.000000E+0	0.000000E+0	0.000000E+0				0.000000E+0	0.000000E+0	0.000000E+0	0.000000E+0				0.000000E+0	0.000000E+0	0.000000E+0	0.000000E+0	1.738909E+3	0.000000E+0	0.000000E+0
2.590570E-2	-2.550660E-2	2.570615E-2	4.999840E-4	-5.000553E-4	5.000196E-4	1.922623E+2	0.000000E+0	-9.000000E-3	2.450939E-2	-2.460380E-2	2.455660E-2	4.911127E+1				2.140120E-2	-2.138516E-2	2.139318E-2	4.278468E+1	1.918167E+2	0.000000E+0	-9.000000E-3	9.792391E-2	-9.787189E-2	9.789790E-2	1.957881E+2				0.000000E+0	0.000000E+0	0.000000E+0	0.000000E+0				0.000000E+0	0.000000E+0	0.000000E+0	0.000000E+0				0.000000E+0	0.000000E+0	0.000000E+0	0.000000E+0	1.770514E+3	0.000000E+0	0.000000E+0
2.566009E-2	-2.526259E-2	2.546134E-2	4.999840E-4	-5.000554E-4	5.000197E-4	1.902271E+2	0.000000E+0	-9.000000E-3	2.426200E-2	-2.435921E-2	2.431061E-2	4.861930E+1				2.119815E-2	-2.118105E-2	2.118960E-2	4.237753E+1	1.897780E+2	0.000000E+0	-9.000000E-3	9.723579E-2	-9.718497E-2	9.721038E-2	1.944131E+2				0.000000E+0	0.000000E+0	0.000000E+0	0.000000E+0				0.000000E+0	0.000000E+0	0.000000E+0	0.000000E+0				0.000000E+0	0.000000E+0	0.000000E+0	0.000000E+0	1.801954E+3	0.000000E+0	0.000000E+0
2.541578E-2	-2.501911E-2	2.521744E-2	4.999841E-4	-5.000553E-4	5.000197E-4	1.881949E+2	0.000000E+0	-9.000000E-3	2.401516E-2	-2.411393E-2	2.406454E-2	4.812719E+1				2.099333E-2	-2.097650E-2	2.098492E-2	4.196818E+1	1.877477E+2	0.000000E+0	-9.000000E-3	9.654779E-2	-9.649935E-2	9.652357E-2	1.930395E+2				0.000000E+0	0.000000E+0	0.000000E+0	0.000000E+0				0.000000E+0	0.000000E+0	0.000000E+0	0.000000E+0				0.000000E+0	0.000000E+0	0.000000E+0	0.000000E+0	1.833633E+3	0.000000E+0	0.000000E+0
2.517280E-2	-2.477580E-2	2.497430E-2	4.999842E-4	-5.000552E-4	5.000197E-4	1.861594E+2	0.000000E+0	-9.000000E-3	2.377076E-2	-2.387020E-2	2.382048E-2	4.763908E+1				2.078992E-2	-2.077290E-2	2.078141E-2	4.156118E+1	1.857148E+2	0.000000E+0	-9.000000E-3	9.586632E-2	-9.581455E-2	9.584044E-2	1.916733E+2				0.000000E+0	0.000000E+0	0.000000E+0	0.000000E+0				0.000000E+0	0.000000E+0	0.000000E+0	0.000000E+0				0.000000E+0	0.000000E+0	0.000000E+0	0.000000E+0	1.865143E+3	0.000000E+0	0.000000E+0
2.492333E-2	-2.452655E-2	2.472494E-2	4.999838E-4	-5.000552E-4	5.000195E-4	1.841405E+2	0.000000E+0	-9.000000E-3	2.352658E-2	-2.362799E-2	2.357728E-2	4.715273E+1				2.058664E-2	-2.057005E-2	2.057835E-2	4.115509E+1	1.836979E+2	0.000000E+0	-9.000000E-3	9.518236E-2	-9.513163E-2	9.515700E-2	1.903066E+2				0.000000E+0	0.000000E+0	0.000000E+0	0.000000E+0				0.000000E+0	0.000000E+0	0.000000E+0	0.000000E+0				0.000000E+0	0.000000E+0	0.000000E+0	0.000000E+0	1.896808E+3	0.000000E+0	0.000000E+0
2.467835E-2	-2.428242E-2	2.448039E-2	4.999838E-4	-5.000552E-4	5.000195E-4	1.821463E+2	0.000000E+0	-9.000000E-3	2.328076E-2	-2.338327E-2	2.333201E-2	4.666220E+1				2.038284E-2	-2.036616E-2	2.037450E-2	4.074741E+1	1.817041E+2	0.000000E+0	-9.000000E-3	9.450067E-2	-9.445058E-2	9.447563E-2	1.889439E+2				0.000000E+0	0.000000E+0	0.000000E+0	0.000000E+0				0.000000E+0	0.000000E+0	0.000000E+0	0.000000E+0				0.000000E+0	0.000000E+0	0.000000E+0	0.000000E+0	1.928493E+3	0.000000E+0	0.000000E+0
2.443460E-2	-2.404220E-2	2.423840E-2	4.999844E-4	-5.000553E-4	5.000199E-4	1.801576E+2	0.000000E+0	-9.000000E-3	2.303700E-2	-2.314060E-2	2.308880E-2	4.617577E+1				2.018013E-2	-2.016454E-2	2.017234E-2	4.034307E+1	1.797311E+2	0.000000E+0	-9.000000E-3	9.382578E-2	-9.376995E-2	9.379787E-2	1.875883E+2				0.000000E+0	0.000000E+0	0.000000E+0	0.000000E+0				0.000000E+0	0.000000E+0	0.000000E+0	0.000000E+0				0.000000E+0	0.000000E+0	0.000000E+0	0.000000E+0	1.960146E+3	0.000000E+0	0.000000E+0
2.418889E-2	-2.379882E-2	2.399386E-2	4.999842E-4	-5.000552E-4	5.000197E-4	1.781803E+2	0.000000E+0	-9.000000E-3	2.279371E-2	-2.289967E-2	2.284669E-2	4.569158E+1				1.997855E-2	-1.996164E-2	1.997009E-2	3.993862E+1	1.777483E+2	0.000000E+0	-9.000000E-3	9.315002E-2	-9.310009E-2	9.312506E-2	1.862428E+2				0.000000E+0	0.000000E+0	0.000000E+0	0.000000E+0				0.000000E+0	0.000000E+0	0.000000E+0	0.000000E+0				0.000000E+0	0.000000E+0	0.000000E+0	0.000000E+0	1.991900E+3	0.000000E+0	0.000000E+0
2.395125E-2	-2.356215E-2	2.375670E-2	4.999840E-4	-5.000557E-4	5.000199E-4	1.762246E+2	0.000000E+0	-9.000000E-3	2.255323E-2	-2.266113E-2	2.260718E-2	4.521256E+1				1.977856E-2	-1.976173E-2	1.977015E-2	3.953872E+1	1.757895E+2	0.000000E+0	-9.000000E-3	9.248174E-2	-9.243249E-2	9.245712E-2	1.849069E+2				0.000000E+0	0.000000E+0	0.000000E+0	0.000000E+0				0.000000E+0	0.000000E+0	0.000000E+0	0.000000E+0				0.000000E+0	0.000000E+0	0.000000E+0	0.000000E+0	2.023435E+3	0.000000E+0	0.000000E+0
2.370969E-2	-2.332167E-2	2.351568E-2	4.999837E-4	-5.000552E-4	5.000194E-4	1.742883E+2	0.000000E+0	-9.000000E-3	2.231262E-2	-2.242226E-2	2.236744E-2	4.473314E+1				1.957924E-2	-1.956137E-2	1.957031E-2	3.913909E+1	1.738638E+2	0.000000E+0	-9.000000E-3	9.181575E-2	-9.176447E-2	9.179011E-2	1.835731E+2				0.000000E+0	0.000000E+0	0.000000E+0	0.000000E+0				0.000000E+0	0.000000E+0	0.000000E+0	0.000000E+0				0.000000E+0	0.000000E+0	0.000000E+0	0.000000E+0	2.054906E+3	0.000000E+0	0.000000E+0
2.346828E-2	-2.308200E-2	2.327514E-2	4.999840E-4	-5.000554E-4	5.000197E-4	1.723179E+2	0.000000E+0	-9.000000E-3	2.207352E-2	-2.218259E-2	2.212806E-2	4.425437E+1				1.937954E-2	-1.936215E-2	1.937085E-2	3.874016E+1	1.719224E+2	0.000000E+0	-9.000000E-3	9.115364E-2	-9.109793E-2	9.112579E-2	1.822444E+2				0.000000E+0	0.000000E+0	0.000000E+0	0.000000E+0				0.000000E+0	0.000000E+0	0.000000E+0	0.000000E+0				0.000000E+0	0.000000E+0	0.000000E+0	0.000000E+0	2.086630E+3	0.000000E+0	0.000000E+0
2.323220E-2	-2.284622E-2	2.303921E-2	4.999837E-4	-5.000554E-4	5.000195E-4	1.703893E+2	0.000000E+0	-9.000000E-3	2.183425E-2	-2.194565E-2	2.188995E-2	4.377819E+1				1.917914E-2	-1.916188E-2	1.917051E-2	3.833952E+1	1.699657E+2	0.000000E+0	-9.000000E-3	9.048307E-2	-9.043380E-2	9.045844E-2	1.809098E+2				0.000000E+0	0.000000E+0	0.000000E+0	0.000000E+0				0.000000E+0	0.000000E+0	0.000000E+0	0.000000E+0				0.000000E+0	0.000000E+0	0.000000E+0	0.000000E+0	2.118440E+3	0.000000E+0	0.000000E+0
2.298918E-2	-2.260537E-2	2.279727E-2	4.999841E-4	-5.000552E-4	5.000196E-4	1.684507E+2	0.000000E+0	-9.000000E-3	2.159337E-2	-2.170552E-2	2.164944E-2	4.329718E+1				1.897777E-2	-1.896046E-2	1.896912E-2	3.793674E+1	1.680062E+2	0.000000E+0	-9.000000E-3	8.981650E-2	-8.976816E-2	8.979233E-2	1.795776E+2				0.000000E+0	0.000000E+0	0.000000E+0	0.000000E+0				0.000000E+0	0.000000E+0	0.000000E+0	0.000000E+0				0.000000E+0	0.000000E+0	0.000000E+0	0.000000E+0	2.150547E+3	0.000000E+0	0.000000E+0
2.275048E-2	-2.236783E-2	2.255915E-2	4.999844E-4	-5.000554E-4	5.000199E-4	1.665105E+2	0.000000E+0	-9.000000E-3	2.135412E-2	-2.146874E-2	2.141143E-2	4.282115E+1				1.877939E-2	-1.876112E-2	1.877026E-2	3.753902E+1	1.660674E+2	0.000000E+0	-9.000000E-3	8.916055E-2	-8.911145E-2	8.913600E-2	1.782649E+2				0.000000E+0	0.000000E+0	0.000000E+0	0.000000E+0				0.000000E+0	0.000000E+0	0.000000E+0	0.000000E+0				0.000000E+0	0.000000E+0	0.000000E+0	0.000000E+0	2.182469E+3	0.000000E+0	0.000000E+0
2.251535E-2	-2.213286E-2	2.232411E-2	4.999845E-4	-5.000553E-4	5.000199E-4	1.645832E+2	0.000000E+0	-9.000000E-3	2.111564E-2	-2.123213E-2	2.117388E-2	4.234608E+1				1.858019E-2	-1.856250E-2	1.857135E-2	3.714121E+1	1.641499E+2	0.000000E+0	-9.000000E-3	8.850454E-2	-8.845488E-2	8.847971E-2	1.769524E+2				0.000000E+0	0.000000E+0	0.000000E+0	0.000000E+0				0.000000E+0	0.000000E+0	0.000000E+0	0.000000E+0				0.000000E+0	0.000000E+0	0.000000E+0	0.000000E+0	2.214330E+3	0.000000E+0	0.000000E+0
2.228173E-2	-2.190128E-2	2.209150E-2	4.999840E-4	-5.000553E-4	5.000196E-4	1.626492E+2	0.000000E+0	-9.000000E-3	2.088149E-2	-2.099880E-2	2.094014E-2	4.187864E+1				1.838382E-2	-1.836753E-2	1.837568E-2	3.674991E+1	1.622353E+2	0.000000E+0	-9.000000E-3	8.785764E-2	-8.781203E-2	8.783484E-2	1.756628E+2				0.000000E+0	0.000000E+0	0.000000E+0	0.000000E+0				0.000000E+0	0.000000E+0	0.000000E+0	0.000000E+0				0.000000E+0	0.000000E+0	0.000000E+0	0.000000E+0	2.245981E+3	0.000000E+0	0.000000E+0
2.204747E-2	-2.166779E-2	2.185763E-2	4.999838E-4	-5.000553E-4	5.000195E-4	1.607497E+2	0.000000E+0	-9.000000E-3	2.064972E-2	-2.076826E-2	2.070899E-2	4.141636E+1				1.818953E-2	-1.817249E-2	1.818101E-2	3.636059E+1	1.603338E+2	0.000000E+0	-9.000000E-3	8.721359E-2	-8.716660E-2	8.719009E-2	1.743734E+2				0.000000E+0	0.000000E+0	0.000000E+0	0.000000E+0				0.000000E+0	0.000000E+0	0.000000E+0	0.000000E+0				0.000000E+0	0.000000E+0	0.000000E+0	0.000000E+0	2.277534E+3	0.000000E+0	0.000000E+0
2.181431E-2	-2.143557E-2	2.162494E-2	4.999841E-4	-5.000554E-4	5.000198E-4	1.588605E+2	0.000000E+0	-9.000000E-3	2.041657E-2	-2.053714E-2	2.047686E-2	4.095210E+1				1.799547E-2	-1.797854E-2	1.798700E-2	3.597259E+1	1.584270E+2	0.000000E+0	-9.000000E-3	8.657448E-2	-8.652600E-2	8.655024E-2	1.730936E+2				0.000000E+0	0.000000E+0	0.000000E+0	0.000000E+0				0.000000E+0	0.000000E+0	0.000000E+0	0.000000E+0				0.000000E+0	0.000000E+0	0.000000E+0	0.000000E+0	2.309155E+3	0.000000E+0	0.000000E+0
2.158515E-2	-2.120659E-2	2.139587E-2	4.999841E-4	-5.000553E-4	5.000197E-4	1.569534E+2	0.000000E+0	-9.000000E-3	2.018506E-2	-2.030550E-2	2.024528E-2	4.048897E+1				1.779930E-2	-1.778293E-2	1.779112E-2	3.558083E+1	1.565421E+2	0.000000E+0	-9.000000E-3	8.593061E-2	-8.588291E-2	8.590676E-2	1.718068E+2				0.000000E+0	0.000000E+0	0.000000E+0	0.000000E+0				0.000000E+0	0.000000E+0	0.000000E+0	0.000000E+0				0.000000E+0	0.000000E+0	0.000000E+0	0.000000E+0	2.340929E+3	0.000000E+0	0.000000E+0
2.135855E-2	-2.098256E-2	2.117056E-2	4.999837E-4	-5.000554E-4	5.000195E-4	1.550646E+2	0.000000E+0	-9.000000E-3	1.995382E-2	-2.007670E-2	2.001526E-2	4.002895E+1				1.760647E-2	-1.759056E-2	1.759851E-2	3.519565E+1	1.546413E+2	0.000000E+0	-9.000000E-3	8.529631E-2	-8.524334E-2	8.526982E-2	1.705330E+2				0.000000E+0	0.000000E+0	0.000000E+0	0.000000E+0				0.000000E+0	0.000000E+0	0.000000E+0	0.000000E+0				0.000000E+0	0.000000E+0	0.000000E+0	0.000000E+0	2.372613E+3	0.000000E+0	0.000000E+0
2.112200E-2	-2.074840E-2	2.093520E-2	4.999844E-4	-5.000552E-4	5.000198E-4	1.532085E+2	0.000000E+0	-9.000000E-3	1.972291E-2	-1.984817E-2	1.978554E-2	3.956952E+1				1.741386E-2	-1.739616E-2	1.740501E-2	3.480864E+1	1.527971E+2	0.000000E+0	-9.000000E-3	8.465805E-2	-8.461205E-2	8.463505E-2	1.692634E+2				0.000000E+0	0.000000E+0	0.000000E+0	0.000000E+0				0.000000E+0	0.000000E+0	0.000000E+0	0.000000E+0				0.000000E+0	0.000000E+0	0.000000E+0	0.000000E+0	2.404460E+3	0.000000E+0	0.000000E+0
2.089367E-2	-2.052171E-2	2.070769E-2	4.999838E-4	-5.000553E-4	5.000195E-4	1.513458E+2	0.000000E+0	-9.000000E-3	1.949552E-2	-1.962294E-2	1.955923E-2	3.911693E+1				1.722196E-2	-1.720502E-2	1.721349E-2	3.442563E+1	1.509520E+2	0.000000E+0	-9.000000E-3	8.402750E-2	-8.398247E-2	8.400499E-2	1.680034E+2				0.000000E+0	0.000000E+0	0.000000E+0	0.000000E+0				0.000000E+0	0.000000E+0	0.000000E+0	0.000000E+0				0.000000E+0	0.000000E+0	0.000000E+0	0.000000E+0	2.436016E+3	0.000000E+0	0.000000E+0
2.066894E-2	-2.029742E-2	2.048318E-2	4.999842E-4	-5.000554E-4	5.000198E-4	1.495160E+2	0.000000E+0	-9.000000E-3	1.927109E-2	-1.939787E-2	1.933448E-2	3.866743E+1				1.703212E-2	-1.701475E-2	1.702343E-2	3.404552E+1	1.491050E+2	0.000000E+0	-9.000000E-3	8.340224E-2	-8.335612E-2	8.337918E-2	1.667518E+2				0.000000E+0	0.000000E+0	0.000000E+0	0.000000E+0				0.000000E+0	0.000000E+0	0.000000E+0	0.000000E+0				0.000000E+0	0.000000E+0	0.000000E+0	0.000000E+0	2.467467E+3	0.000000E+0	0.000000E+0
2.044323E-2	-2.007294E-2	2.025809E-2	4.999840E-4	-5.000550E-4	5.000195E-4	1.476912E+2	0.000000E+0	-9.000000E-3	1.904440E-2	-1.917295E-2	1.910867E-2	3.821586E+1				1.684120E-2	-1.682487E-2	1.683304E-2	3.366476E+1	1.472734E+2	0.000000E+0	-9.000000E-3	8.277662E-2	-8.272605E-2	8.275134E-2	1.654962E+2				0.000000E+0	0.000000E+0	0.000000E+0	0.000000E+0				0.000000E+0	0.000000E+0	0.000000E+0	0.000000E+0				0.000000E+0	0.000000E+0	0.000000E+0	0.000000E+0	2.499119E+3	0.000000E+0	0.000000E+0
2.021499E-2	-1.984584E-2	2.003041E-2	4.999838E-4	-5.000553E-4	5.000195E-4	1.458644E+2	0.000000E+0	-9.000000E-3	1.881564E-2	-1.894624E-2	1.888094E-2	3.776040E+1				1.665109E-2	-1.663381E-2	1.664245E-2	3.328360E+1	1.454777E+2	0.000000E+0	-9.000000E-3	8.214835E-2	-8.210145E-2	8.212490E-2	1.642434E+2				0.000000E+0	0.000000E+0	0.000000E+0	0.000000E+0				0.000000E+0	0.000000E+0	0.000000E+0	0.000000E+0				0.000000E+0	0.000000E+0	0.000000E+0	0.000000E+0	2.531077E+3	0.000000E+0	0.000000E+0
1.998797E-2	-1.962075E-2	1.980436E-2	4.999839E-4	-5.000556E-4	5.000198E-4	1.440702E+2	0.000000E+0	-9.000000E-3	1.859115E-2	-1.872228E-2	1.865671E-2	3.731195E+1				1.646124E-2	-1.644425E-2	1.645274E-2	3.290418E+1	1.436457E+2	0.000000E+0	-9.000000E-3	8.152327E-2	-8.147431E-2	8.149879E-2	1.629911E+2				0.000000E+0	0.000000E+0	0.000000E+0	0.000000E+0				0.000000E+0	0.000000E+0	0.000000E+0	0.000000E+0				0.000000E+0	0.000000E+0	0.000000E+0	0.000000E+0	2.562895E+3	0.000000E+0	0.000000E+0
1.976231E-2	-1.939681E-2	1.957956E-2	4.999841E-4	-5.000556E-4	5.000199E-4	1.422569E+2	0.000000E+0	-9.000000E-3	1.836605E-2	-1.849902E-2	1.843253E-2	3.686360E+1				1.627218E-2	-1.625433E-2	1.626326E-2	3.252522E+1	1.418443E+2	0.000000E+0	-9.000000E-3	8.090061E-2	-8.085720E-2	8.087891E-2	1.617514E+2				0.000000E+0	0.000000E+0	0.000000E+0	0.000000E+0				0.000000E+0	0.000000E+0	0.000000E+0	0.000000E+0				0.000000E+0	0.000000E+0	0.000000E+0	0.000000E+0	2.594635E+3	0.000000E+0	0.000000E+0
1.954148E-2	-1.917783E-2	1.935965E-2	4.999838E-4	-5.000556E-4	5.000197E-4	1.404608E+2	0.000000E+0	-9.000000E-3	1.814302E-2	-1.827773E-2	1.821037E-2	3.641931E+1				1.608591E-2	-1.606900E-2	1.607745E-2	3.215364E+1	1.400657E+2	0.000000E+0	-9.000000E-3	8.028674E-2	-8.024258E-2	8.026466E-2	1.605230E+2				0.000000E+0	0.000000E+0	0.000000E+0	0.000000E+0				0.000000E+0	0.000000E+0	0.000000E+0	0.000000E+0				0.000000E+0	0.000000E+0	0.000000E+0	0.000000E+0	2.626110E+3	0.000000E+0	0.000000E+0
1.932024E-2	-1.895696E-2	1.913860E-2	4.999838E-4	-5.000553E-4	5.000195E-4	1.386877E+2	0.000000E+0	-9.000000E-3	1.792279E-2	-1.805961E-2	1.799120E-2	3.598099E+1				1.590062E-2	-1.588428E-2	1.589245E-2	3.178365E+1	1.382846E+2	0.000000E+0	-9.000000E-3	7.967383E-2	-7.963010E-2	7.965196E-2	1.592977E+2				0.000000E+0	0.000000E+0	0.000000E+0	0.000000E+0				0.000000E+0	0.000000E+0	0.000000E+0	0.000000E+0				0.000000E+0	0.000000E+0	0.000000E+0	0.000000E+0	2.657583E+3	0.000000E+0	0.000000E+0
1.910002E-2	-1.873683E-2	1.891842E-2	4.999840E-4	-5.000550E-4	5.000195E-4	1.369039E+2	0.000000E+0	-9.000000E-3	1.770276E-2	-1.784002E-2	1.777139E-2	3.554140E+1				1.571433E-2	-1.569604E-2	1.570519E-2	3.140915E+1	1.365011E+2	0.000000E+0	-9.000000E-3	7.905776E-2	-7.901000E-2	7.903388E-2	1.580616E+2				0.000000E+0	0.000000E+0	0.000000E+0	0.000000E+0				0.000000E+0	0.000000E+0	0.000000E+0	0.000000E+0				0.000000E+0	0.000000E+0	0.000000E+0	0.000000E+0	2.689408E+3	0.000000E+0	0.000000E+0
1.887644E-2	-1.851548E-2	1.869596E-2	4.999843E-4	-5.000555E-4	5.000199E-4	1.351277E+2	0.000000E+0	-9.000000E-3	1.748145E-2	-1.762129E-2	1.755137E-2	3.510135E+1				1.552934E-2	-1.551152E-2	1.552043E-2	3.103962E+1	1.347298E+2	0.000000E+0	-9.000000E-3	7.844253E-2	-7.839787E-2	7.842020E-2	1.568342E+2				0.000000E+0	0.000000E+0	0.000000E+0	0.000000E+0				0.000000E+0	0.000000E+0	0.000000E+0	0.000000E+0				0.000000E+0	0.000000E+0	0.000000E+0	0.000000E+0	2.721081E+3	0.000000E+0	0.000000E+0
1.865682E-2	-1.829854E-2	1.847768E-2	4.999838E-4	-5.000555E-4	5.000196E-4	1.333654E+2	0.000000E+0	-9.000000E-3	1.726450E-2	-1.740469E-2	1.733460E-2	3.466783E+1				1.534423E-2	-1.532880E-2	1.533651E-2	3.067182E+1	1.329683E+2	0.000000E+0	-9.000000E-3	7.783254E-2	-7.778746E-2	7.781000E-2	1.556139E+2				0.000000E+0	0.000000E+0	0.000000E+0	0.000000E+0				0.000000E+0	0.000000E+0	0.000000E+0	0.000000E+0				0.000000E+0	0.000000E+0	0.000000E+0	0.000000E+0	2.752611E+3	0.000000E+0	0.000000E+0
1.843622E-2	-1.807877E-2	1.825749E-2	4.999837E-4	-5.000556E-4	5.000196E-4	1.316048E+2	0.000000E+0	-9.000000E-3	1.704726E-2	-1.718996E-2	1.711861E-2	3.423587E+1				1.516286E-2	-1.514535E-2	1.515410E-2	3.030702E+1	1.312194E+2	0.000000E+0	-9.000000E-3	7.722519E-2	-7.718004E-2	7.720262E-2	1.543992E+2				0.000000E+0	0.000000E+0	0.000000E+0	0.000000E+0				0.000000E+0	0.000000E+0	0.000000E+0	0.000000E+0				0.000000E+0	0.000000E+0	0.000000E+0	0.000000E+0	2.784080E+3	0.000000E+0	0.000000E+0
1.821988E-2	-1.786288E-2	1.804138E-2	4.999838E-4	-5.000552E-4	5.000195E-4	1.298696E+2	0.000000E+0	-9.000000E-3	1.683218E-2	-1.697536E-2	1.690377E-2	3.380622E+1				1.497882E-2	-1.496093E-2	1.496988E-2	2.993859E+1	1.294650E+2	0.000000E+0	-9.000000E-3	7.661438E-2	-7.656657E-2	7.659048E-2	1.531750E+2				0.000000E+0	0.000000E+0	0.000000E+0	0.000000E+0				0.000000E+0	0.000000E+0	0.000000E+0	0.000000E+0				0.000000E+0	0.000000E+0	0.000000E+0	0.000000E+0	2.815874E+3	0.000000E+0	0.000000E+0
1.800359E-2	-1.764964E-2	1.782662E-2	4.999841E-4	-5.000554E-4	5.000198E-4	1.281143E+2	0.000000E+0	-9.000000E-3	1.661625E-2	-1.676048E-2	1.668837E-2	3.337542E+1				1.479561E-2	-1.477896E-2	1.478729E-2	2.957340E+1	1.277399E+2	0.000000E+0	-9.000000E-3	7.600409E-2	-7.596158E-2	7.598284E-2	1.519597E+2				0.000000E+0	0.000000E+0	0.000000E+0	0.000000E+0				0.000000E+0	0.000000E+0	0.000000E+0	0.000000E+0				0.000000E+0	0.000000E+0	0.000000E+0	0.000000E+0	2.847524E+3	0.000000E+0	0.000000E+0
1.778948E-2	-1.743617E-2	1.761282E-2	4.999840E-4	-5.000554E-4	5.000197E-4	1.263567E+2	0.000000E+0	-9.000000E-3	1.640122E-2	-1.654799E-2	1.647460E-2	3.294791E+1				1.461385E-2	-1.459723E-2	1.460554E-2	2.920993E+1	1.259905E+2	0.000000E+0	-9.000000E-3	7.539631E-2	-7.535283E-2	7.537457E-2	1.507432E+2				0.000000E+0	0.000000E+0	0.000000E+0	0.000000E+0				0.000000E+0	0.000000E+0	0.000000E+0	0.000000E+0				0.000000E+0	0.000000E+0	0.000000E+0	0.000000E+0	2.879238E+3	0.000000E+0	0.000000E+0
1.757374E-2	-1.722264E-2	1.739819E-2	4.999841E-4	-5.000556E-4	5.000199E-4	1.246238E+2	0.000000E+0	-9.000000E-3	1.618520E-2	-1.633521E-2	1.626020E-2	3.251912E+1				1.443281E-2	-1.441757E-2	1.442519E-2	2.884923E+1	1.242285E+2	0.000000E+0	-9.000000E-3	7.479001E-2	-7.474785E-2	7.476893E-2	1.495319E+2				0.000000E+0	0.000000E+0	0.000000E+0	0.000000E+0				0.000000E+0	0.000000E+0	0.000000E+0	0.000000E+0				0.000000E+0	0.000000E+0	0.000000E+0	0.000000E+0	2.910800E+3	0.000000E+0	0.000000E+0
1.736097E-2	-1.701249E-2	1.718673E-2	4.999840E-4	-5.000556E-4	5.000198E-4	1.228985E+2	0.000000E+0	-9.000000E-3	1.597243E-2	-1.612299E-2	1.604771E-2	3.209415E+1				1.425332E-2	-1.423687E-2	1.424509E-2	2.848906E+1	1.225035E+2	0.000000E+0	-9.000000E-3	7.417859E-2	-7.413453E-2	7.415656E-2	1.483072E+2				0.000000E+0	0.000000E+0	0.000000E+0	0.000000E+0				0.000000E+0	0.000000E+0	0.000000E+0	0.000000E+0				0.000000E+0	0.000000E+0	0.000000E+0	0.000000E+0	2.942545E+3	0.000000E+0	0.000000E+0
1.714359E-2	-1.680030E-2	1.697195E-2	4.999840E-4	-5.000551E-4	5.000195E-4	1.211445E+2	0.000000E+0	-9.000000E-3	1.575789E-2	-1.591042E-2	1.583415E-2	3.166707E+1				1.407254E-2	-1.405692E-2	1.406473E-2	2.812837E+1	1.207602E+2	0.000000E+0	-9.000000E-3	7.357048E-2	-7.352765E-2	7.354906E-2	1.470924E+2				0.000000E+0	0.000000E+0	0.000000E+0	0.000000E+0				0.000000E+0	0.000000E+0	0.000000E+0	0.000000E+0				0.000000E+0	0.000000E+0	0.000000E+0	0.000000E+0	2.974333E+3	0.000000E+0	0.000000E+0
1.692927E-2	-1.658761E-2	1.675844E-2	4.999838E-4	-5.000555E-4	5.000196E-4	1.194207E+2	0.000000E+0	-9.000000E-3	1.554383E-2	-1.569727E-2	1.562055E-2	3.123987E+1				1.389193E-2	-1.387673E-2	1.388433E-2	2.776757E+1	1.190439E+2	0.000000E+0	-9.000000E-3	7.295908E-2	-7.291585E-2	7.293746E-2	1.458692E+2				0.000000E+0	0.000000E+0	0.000000E+0	0.000000E+0				0.000000E+0	0.000000E+0	0.000000E+0	0.000000E+0				0.000000E+0	0.000000E+0	0.000000E+0	0.000000E+0	3.006279E+3	0.000000E+0	0.000000E+0
1.671766E-2	-1.637917E-2	1.654841E-2	4.999836E-4	-5.000553E-4	5.000194E-4	1.176874E+2	0.000000E+0	-9.000000E-3	1.533267E-2	-1.548722E-2	1.540994E-2	3.081869E+1				1.371359E-2	-1.369768E-2	1.370563E-2	2.741020E+1	1.173105E+2	0.000000E+0	-9.000000E-3	7.235712E-2	-7.230814E-2	7.233263E-2	1.446596E+2				0.000000E+0	0.000000E+0	0.000000E+0	0.000000E+0				0.000000E+0	0.000000E+0	0.000000E+0	0.000000E+0				0.000000E+0	0.000000E+0	0.000000E+0	0.000000E+0	3.038089E+3	0.000000E+0	0.000000E+0
1.650586E-2	-1.616899E-2	1.633743E-2	4.999841E-4	-5.000556E-4	5.000199E-4	1.159619E+2	0.000000E+0	-9.000000E-3	1.512157E-2	-1.527823E-2	1.519990E-2	3.039859E+1				1.353632E-2	-1.351984E-2	1.352808E-2	2.705508E+1	1.155872E+2	0.000000E+0	-9.000000E-3	7.174791E-2	-7.170274E-2	7.172532E-2	1.434450E+2				0.000000E+0	0.000000E+0	0.000000E+0	0.000000E+0				0.000000E+0	0.000000E+0	0.000000E+0	0.000000E+0				0.000000E+0	0.000000E+0	0.000000E+0	0.000000E+0	3.069983E+3	0.000000E+0	0.000000E+0
1.629856E-2	-1.596300E-2	1.613078E-2	4.999842E-4	-5.000553E-4	5.000198E-4	1.142608E+2	0.000000E+0	-9.000000E-3	1.491492E-2	-1.507181E-2	1.499336E-2	2.998555E+1				1.335974E-2	-1.334169E-2	1.335071E-2	2.670037E+1	1.138693E+2	0.000000E+0	-9.000000E-3	7.114056E-2	-7.109741E-2	7.111899E-2	1.422324E+2				0.000000E+0	0.000000E+0	0.000000E+0	0.000000E+0				0.000000E+0	0.000000E+0	0.000000E+0	0.000000E+0				0.000000E+0	0.000000E+0	0.000000E+0	0.000000E+0	3.101845E+3	0.000000E+0	0.000000E+0
1.609355E-2	-1.575876E-2	1.592616E-2	4.999844E-4	-5.000547E-4	5.000195E-4	1.125564E+2	0.000000E+0	-9.000000E-3	1.471012E-2	-1.486917E-2	1.478964E-2	2.957813E+1				1.318382E-2	-1.316713E-2	1.317547E-2	2.634991E+1	1.121622E+2	0.000000E+0	-9.000000E-3	7.053604E-2	-7.049243E-2	7.051424E-2	1.410230E+2				0.000000E+0	0.000000E+0	0.000000E+0	0.000000E+0				0.000000E+0	0.000000E+0	0.000000E+0	0.000000E+0				0.000000E+0	0.000000E+0	0.000000E+0	0.000000E+0	3.133526E+3	0.000000E+0	0.000000E+0
1.588980E-2	-1.555436E-2	1.572208E-2	4.999840E-4	-5.000554E-4	5.000197E-4	1.108685E+2	0.000000E+0	-9.000000E-3	1.450432E-2	-1.466478E-2	1.458455E-2	2.916796E+1				1.301080E-2	-1.299239E-2	1.300160E-2	2.600217E+1	1.104896E+2	0.000000E+0	-9.000000E-3	6.993300E-2	-6.988926E-2	6.991113E-2	1.398168E+2				0.000000E+0	0.000000E+0	0.000000E+0	0.000000E+0				0.000000E+0	0.000000E+0	0.000000E+0	0.000000E+0				0.000000E+0	0.000000E+0	0.000000E+0	0.000000E+0	3.165112E+3	0.000000E+0	0.000000E+0
1.568632E-2	-1.535019E-2	1.551825E-2	4.999837E-4	-5.000551E-4	5.000194E-4	1.091776E+2	0.000000E+0	-9.000000E-3	1.430090E-2	-1.446260E-2	1.438175E-2	2.876238E+1				1.283782E-2	-1.282133E-2	1.282958E-2	2.565816E+1	1.087860E+2	0.000000E+0	-9.000000E-3	6.932874E-2	-6.928611E-2	6.930742E-2	1.386095E+2				0.000000E+0	0.000000E+0	0.000000E+0	0.000000E+0				0.000000E+0	0.000000E+0	0.000000E+0	0.000000E+0				0.000000E+0	0.000000E+0	0.000000E+0	0.000000E+0	3.196595E+3	0.000000E+0	0.000000E+0
1.548447E-2	-1.514889E-2	1.531668E-2	4.999836E-4	-5.000553E-4	5.000194E-4	1.074725E+2	0.000000E+0	-9.000000E-3	1.409657E-2	-1.425911E-2	1.417784E-2	2.835458E+1				1.266411E-2	-1.264632E-2	1.265522E-2	2.530945E+1	1.070752E+2	0.000000E+0	-9.000000E-3	6.871684E-2	-6.867293E-2	6.869489E-2	1.373844E+2				0.000000E+0	0.000000E+0	0.000000E+0	0.000000E+0				0.000000E+0	0.000000E+0	0.000000E+0	0.000000E+0				0.000000E+0	0.000000E+0	0.000000E+0	0.000000E+0	3.228531E+3	0.000000E+0	0.000000E+0
1.527983E-2	-1.494471E-2	1.511227E-2	4.999838E-4	-5.000553E-4	5.000195E-4	1.057664E+2	0.000000E+0	-9.000000E-3	1.389239E-2	-1.405701E-2	1.397470E-2	2.794830E+1				1.249046E-2	-1.247413E-2	1.248229E-2	2.496361E+1	1.053734E+2	0.000000E+0	-9.000000E-3	6.811306E-2	-6.806893E-2	6.809100E-2	1.361767E+2				0.000000E+0	0.000000E+0	0.000000E+0	0.000000E+0				0.000000E+0	0.000000E+0	0.000000E+0	0.000000E+0				0.000000E+0	0.000000E+0	0.000000E+0	0.000000E+0	3.260358E+3	0.000000E+0	0.000000E+0
1.508040E-2	-1.474668E-2	1.491354E-2	4.999842E-4	-5.000554E-4	5.000198E-4	1.040791E+2	0.000000E+0	-9.000000E-3	1.369181E-2	-1.385911E-2	1.377546E-2	2.754983E+1				1.232076E-2	-1.230346E-2	1.231211E-2	2.462324E+1	1.037051E+2	0.000000E+0	-9.000000E-3	6.751079E-2	-6.746783E-2	6.748931E-2	1.349733E+2				0.000000E+0	0.000000E+0	0.000000E+0	0.000000E+0				0.000000E+0	0.000000E+0	0.000000E+0	0.000000E+0				0.000000E+0	0.000000E+0	0.000000E+0	0.000000E+0	3.291830E+3	0.000000E+0	0.000000E+0
1.488068E-2	-1.455063E-2	1.471566E-2	4.999840E-4	-5.000552E-4	5.000196E-4	1.023975E+2	0.000000E+0	-9.000000E-3	1.349385E-2	-1.366096E-2	1.357740E-2	2.715374E+1				1.215193E-2	-1.213534E-2	1.214364E-2	2.428632E+1	1.020450E+2	0.000000E+0	-9.000000E-3	6.690799E-2	-6.686396E-2	6.688597E-2	1.337667E+2				0.000000E+0	0.000000E+0	0.000000E+0	0.000000E+0				0.000000E+0	0.000000E+0	0.000000E+0	0.000000E+0				0.000000E+0	0.000000E+0	0.000000E+0	0.000000E+0	3.323325E+3	0.000000E+0	0.000000E+0
1.468629E-2	-1.435664E-2	1.452147E-2	4.999842E-4	-5.000551E-4	5.000196E-4	1.007411E+2	0.000000E+0	-9.000000E-3	1.329762E-2	-1.346386E-2	1.338074E-2	2.676044E+1				1.198443E-2	-1.196555E-2	1.197499E-2	2.394904E+1	1.003555E+2	0.000000E+0	-9.000000E-3	6.629217E-2	-6.624918E-2	6.627068E-2	1.325361E+2				0.000000E+0	0.000000E+0	0.000000E+0	0.000000E+0				0.000000E+0	0.000000E+0	0.000000E+0	0.000000E+0				0.000000E+0	0.000000E+0	0.000000E+0	0.000000E+0	3.355072E+3	0.000000E+0	0.000000E+0
1.448759E-2	-1.415713E-2	1.432236E-2	4.999840E-4	-5.000554E-4	5.000197E-4	9.903925E+1	0.000000E+0	-9.000000E-3	1.309800E-2	-1.326820E-2	1.318310E-2	2.636516E+1				1.181500E-2	-1.179789E-2	1.180645E-2	2.361196E+1	9.867205E+1	0.000000E+0	-9.000000E-3	6.569128E-2	-6.564423E-2	6.566776E-2	1.313303E+2				0.000000E+0	0.000000E+0	0.000000E+0	0.000000E+0				0.000000E+0	0.000000E+0	0.000000E+0	0.000000E+0				0.000000E+0	0.000000E+0	0.000000E+0	0.000000E+0	3.386816E+3	0.000000E+0	0.000000E+0
1.429121E-2	-1.396143E-2	1.412632E-2	4.999838E-4	-5.000550E-4	5.000194E-4	9.737110E+1	0.000000E+0	-9.000000E-3	1.290137E-2	-1.307215E-2	1.298676E-2	2.597252E+1				1.164795E-2	-1.163012E-2	1.163904E-2	2.327717E+1	9.698895E+1	0.000000E+0	-9.000000E-3	6.508063E-2	-6.503454E-2	6.505759E-2	1.301101E+2				0.000000E+0	0.000000E+0	0.000000E+0	0.000000E+0				0.000000E+0	0.000000E+0	0.000000E+0	0.000000E+0				0.000000E+0	0.000000E+0	0.000000E+0	0.000000E+0	3.418554E+3	0.000000E+0	0.000000E+0
1.409852E-2	-1.377211E-2	1.393532E-2	4.999841E-4	-5.000552E-4	5.000196E-4	9.570860E+1	0.000000E+0	-9.000000E-3	1.270669E-2	-1.287874E-2	1.279272E-2	2.558443E+1				1.148139E-2	-1.146350E-2	1.147245E-2	2.294399E+1	9.532640E+1	0.000000E+0	-9.000000E-3	6.446812E-2	-6.442204E-2	6.444508E-2	1.288851E+2				0.000000E+0	0.000000E+0	0.000000E+0	0.000000E+0				0.000000E+0	0.000000E+0	0.000000E+0	0.000000E+0				0.000000E+0	0.000000E+0	0.000000E+0	0.000000E+0	3.450296E+3	0.000000E+0	0.000000E+0
1.389926E-2	-1.357534E-2	1.373730E-2	4.999839E-4	-5.000553E-4	5.000196E-4	9.403740E+1	0.000000E+0	-9.000000E-3	1.251270E-2	-1.268604E-2	1.259937E-2	2.519775E+1				1.131747E-2	-1.129971E-2	1.130859E-2	2.261629E+1	9.365900E+1	0.000000E+0	-9.000000E-3	6.385704E-2	-6.381066E-2	6.383385E-2	1.276627E+2				0.000000E+0	0.000000E+0	0.000000E+0	0.000000E+0				0.000000E+0	0.000000E+0	0.000000E+0	0.000000E+0				0.000000E+0	0.000000E+0	0.000000E+0	0.000000E+0	3.481764E+3	0.000000E+0	0.000000E+0
1.370657E-2	-1.338539E-2	1.354598E-2	4.999836E-4	-5.000553E-4	5.000194E-4	9.236260E+1	0.000000E+0	-9.000000E-3	1.232110E-2	-1.249593E-2	1.240852E-2	2.481607E+1				1.115394E-2	-1.113508E-2	1.114451E-2	2.228815E+1	9.199450E+1	0.000000E+0	-9.000000E-3	6.324462E-2	-6.319557E-2	6.322010E-2	1.264353E+2				0.000000E+0	0.000000E+0	0.000000E+0	0.000000E+0				0.000000E+0	0.000000E+0	0.000000E+0	0.000000E+0				0.000000E+0	0.000000E+0	0.000000E+0	0.000000E+0	3.513382E+3	0.000000E+0	0.000000E+0
1.351320E-2	-1.319381E-2	1.335350E-2	4.999840E-4	-5.000550E-4	5.000195E-4	9.068130E+1	0.000000E+0	-9.000000E-3	1.213039E-2	-1.230469E-2	1.221754E-2	2.443413E+1				1.098919E-2	-1.097240E-2	1.098080E-2	2.196073E+1	9.029740E+1	0.000000E+0	-9.000000E-3	6.262531E-2	-6.257530E-2	6.260030E-2	1.251957E+2				0.000000E+0	0.000000E+0	0.000000E+0	0.000000E+0				0.000000E+0	0.000000E+0	0.000000E+0	0.000000E+0				0.000000E+0	0.000000E+0	0.000000E+0	0.000000E+0	3.545276E+3	0.000000E+0	0.000000E+0
1.332415E-2	-1.300558E-2	1.316486E-2	4.999844E-4	-5.000551E-4	5.000198E-4	8.899315E+1	0.000000E+0	-9.000000E-3	1.194144E-2	-1.211707E-2	1.202926E-2	2.405756E+1				1.082793E-2	-1.080880E-2	1.081837E-2	2.163588E+1	8.862535E+1	0.000000E+0	-9.000000E-3	6.200875E-2	-6.195822E-2	6.198348E-2	1.239621E+2				0.000000E+0	0.000000E+0	0.000000E+0	0.000000E+0				0.000000E+0	0.000000E+0	0.000000E+0	0.000000E+0				0.000000E+0	0.000000E+0	0.000000E+0	0.000000E+0	3.576985E+3	0.000000E+0	0.000000E+0
1.313714E-2	-1.282091E-2	1.297902E-2	4.999839E-4	-5.000550E-4	5.000195E-4	8.733155E+1	0.000000E+0	-9.000000E-3	1.175481E-2	-1.193148E-2	1.184315E-2	2.368537E+1				1.066601E-2	-1.064919E-2	1.065760E-2	2.131437E+1	8.695535E+1	0.000000E+0	-9.000000E-3	6.139091E-2	-6.133970E-2	6.136530E-2	1.227258E+2				0.000000E+0	0.000000E+0	0.000000E+0	0.000000E+0				0.000000E+0	0.000000E+0	0.000000E+0	0.000000E+0				0.000000E+0	0.000000E+0	0.000000E+0	0.000000E+0	3.608594E+3	0.000000E+0	0.000000E+0
1.295175E-2	-1.263592E-2	1.279383E-2	4.999840E-4	-5.000550E-4	5.000195E-4	8.565665E+1	0.000000E+0	-9.000000E-3	1.156986E-2	-1.174654E-2	1.165820E-2	2.331548E+1				1.050803E-2	-1.048926E-2	1.049864E-2	2.099647E+1	8.528550E+1	0.000000E+0	-9.000000E-3	6.077300E-2	-6.072038E-2	6.074669E-2	1.214886E+2				0.000000E+0	0.000000E+0	0.000000E+0	0.000000E+0				0.000000E+0	0.000000E+0	0.000000E+0	0.000000E+0				0.000000E+0	0.000000E+0	0.000000E+0	0.000000E+0	3.640136E+3	0.000000E+0	0.000000E+0
1.276831E-2	-1.245233E-2	1.261032E-2	4.999837E-4	-5.000554E-4	5.000195E-4	8.397555E+1	0.000000E+0	-9.000000E-3	1.138429E-2	-1.156428E-2	1.147429E-2	2.294767E+1				1.034845E-2	-1.033011E-2	1.033928E-2	2.067775E+1	8.359855E+1	0.000000E+0	-9.000000E-3	6.014473E-2	-6.008942E-2	6.011708E-2	1.202294E+2				0.000000E+0	0.000000E+0	0.000000E+0	0.000000E+0				0.000000E+0	0.000000E+0	0.000000E+0	0.000000E+0				0.000000E+0	0.000000E+0	0.000000E+0	0.000000E+0	3.671918E+3	0.000000E+0	0.000000E+0
1.258403E-2	-1.227119E-2	1.242761E-2	4.999837E-4	-5.000551E-4	5.000194E-4	8.227995E+1	0.000000E+0	-9.000000E-3	1.120091E-2	-1.138234E-2	1.129162E-2	2.258237E+1				1.019163E-2	-1.017256E-2	1.018210E-2	2.036340E+1	8.191160E+1	0.000000E+0	-9.000000E-3	5.951974E-2	-5.945883E-2	5.948928E-2	1.189740E+2				0.000000E+0	0.000000E+0	0.000000E+0	0.000000E+0				0.000000E+0	0.000000E+0	0.000000E+0	0.000000E+0				0.000000E+0	0.000000E+0	0.000000E+0	0.000000E+0	3.703609E+3	0.000000E+0	0.000000E+0
1.239995E-2	-1.208835E-2	1.224415E-2	4.999836E-4	-5.000550E-4	5.000193E-4	8.059025E+1	0.000000E+0	-9.000000E-3	1.101779E-2	-1.119942E-2	1.110860E-2	2.221634E+1				1.003398E-2	-1.001685E-2	1.002541E-2	2.005005E+1	8.021410E+1	0.000000E+0	-9.000000E-3	5.888810E-2	-5.883175E-2	5.885992E-2	1.177153E+2				0.000000E+0	0.000000E+0	0.000000E+0	0.000000E+0				0.000000E+0	0.000000E+0	0.000000E+0	0.000000E+0				0.000000E+0	0.000000E+0	0.000000E+0	0.000000E+0	3.735393E+3	0.000000E+0	0.000000E+0
1.222310E-2	-1.191255E-2	1.206783E-2	4.999835E-4	-5.000553E-4	5.000194E-4	7.888955E+1	0.000000E+0	-9.000000E-3	1.084036E-2	-1.102396E-2	1.093216E-2	2.186348E+1				9.879407E-3	-9.861405E-3	9.870406E-3	1.974005E+1	7.851375E+1	0.000000E+0	-9.000000E-3	5.825894E-2	-5.820097E-2	5.822996E-2	1.164554E+2				0.000000E+0	0.000000E+0	0.000000E+0	0.000000E+0				0.000000E+0	0.000000E+0	0.000000E+0	0.000000E+0				0.000000E+0	0.000000E+0	0.000000E+0	0.000000E+0	3.766988E+3	0.000000E+0	0.000000E+0
1.204421E-2	-1.173489E-2	1.188955E-2	4.999840E-4	-5.000554E-4	5.000197E-4	7.720870E+1	0.000000E+0	-9.000000E-3	1.066469E-2	-1.084792E-2	1.075630E-2	2.151176E+1				9.727805E-3	-9.709546E-3	9.718676E-3	1.943659E+1	7.683970E+1	0.000000E+0	-9.000000E-3	5.762739E-2	-5.757016E-2	5.759877E-2	1.151930E+2				0.000000E+0	0.000000E+0	0.000000E+0	0.000000E+0				0.000000E+0	0.000000E+0	0.000000E+0	0.000000E+0				0.000000E+0	0.000000E+0	0.000000E+0	0.000000E+0	3.798548E+3	0.000000E+0	0.000000E+0
1.187076E-2	-1.156126E-2	1.171601E-2	4.999837E-4	-5.000552E-4	5.000194E-4	7.549690E+1	0.000000E+0	-9.000000E-3	1.048803E-2	-1.067281E-2	1.058042E-2	2.116002E+1				9.574848E-3	-9.558499E-3	9.566673E-3	1.913260E+1	7.510915E+1	0.000000E+0	-9.000000E-3	5.699267E-2	-5.693409E-2	5.696338E-2	1.139223E+2				0.000000E+0	0.000000E+0	0.000000E+0	0.000000E+0				0.000000E+0	0.000000E+0	0.000000E+0	0.000000E+0				0.000000E+0	0.000000E+0	0.000000E+0	0.000000E+0	3.830051E+3	0.000000E+0	0.000000E+0
1.169694E-2	-1.138811E-2	1.154252E-2	4.999840E-4	-5.000552E-4	5.000196E-4	7.377245E+1	0.000000E+0	-9.000000E-3	1.031599E-2	-1.050224E-2	1.040912E-2	2.081742E+1				9.425600E-3	-9.408563E-3	9.417081E-3	1.883342E+1	7.339085E+1	0.000000E+0	-9.000000E-3	5.635467E-2	-5.629595E-2	5.632531E-2	1.126462E+2				0.000000E+0	0.000000E+0	0.000000E+0	0.000000E+0				0.000000E+0	0.000000E+0	0.000000E+0	0.000000E+0				0.000000E+0	0.000000E+0	0.000000E+0	0.000000E+0	3.861599E+3	0.000000E+0	0.000000E+0
1.152570E-2	-1.121966E-2	1.137268E-2	4.999838E-4	-5.000555E-4	5.000196E-4	7.204920E+1	0.000000E+0	-9.000000E-3	1.014397E-2	-1.033175E-2	1.023786E-2	2.047491E+1				9.278862E-3	-9.260958E-3	9.269910E-3	1.853909E+1	7.167035E+1	0.000000E+0	-9.000000E-3	5.571242E-2	-5.565238E-2	5.568240E-2	1.113604E+2				0.000000E+0	0.000000E+0	0.000000E+0	0.000000E+0				0.000000E+0	0.000000E+0	0.000000E+0	0.000000E+0				0.000000E+0	0.000000E+0	0.000000E+0	0.000000E+0	3.893071E+3	0.000000E+0	0.000000E+0
1.135738E-2	-1.105000E-2	1.120369E-2	4.999838E-4	-5.000554E-4	5.000196E-4	7.030095E+1	0.000000E+0	-9.000000E-3	9.972572E-3	-1.016116E-2	1.006686E-2	2.013294E+1				9.130492E-3	-9.112883E-3	9.121688E-3	1.824266E+1	6.991305E+1	0.000000E+0	-9.000000E-3	5.506264E-2	-5.500060E-2	5.503162E-2	1.100589E+2				0.000000E+0	0.000000E+0	0.000000E+0	0.000000E+0				0.000000E+0	0.000000E+0	0.000000E+0	0.000000E+0				0.000000E+0	0.000000E+0	0.000000E+0	0.000000E+0	3.924882E+3	0.000000E+0	0.000000E+0
1.119030E-2	-1.088515E-2	1.103772E-2	4.999836E-4	-5.000553E-4	5.000194E-4	6.854110E+1	0.000000E+0	-9.000000E-3	9.805322E-3	-9.994193E-3	9.899757E-3	1.979874E+1				8.984614E-3	-8.967165E-3	8.975890E-3	1.795108E+1	6.813755E+1	0.000000E+0	-9.000000E-3	5.441124E-2	-5.434950E-2	5.438037E-2	1.087565E+2				0.000000E+0	0.000000E+0	0.000000E+0	0.000000E+0				0.000000E+0	0.000000E+0	0.000000E+0	0.000000E+0				0.000000E+0	0.000000E+0	0.000000E+0	0.000000E+0	3.956493E+3	0.000000E+0	0.000000E+0
1.102292E-2	-1.072006E-2	1.087149E-2	4.999837E-4	-5.000550E-4	5.000193E-4	6.675520E+1	0.000000E+0	-9.000000E-3	9.641336E-3	-9.831378E-3	9.736357E-3	1.947196E+1				8.841420E-3	-8.822548E-3	8.831984E-3	1.766328E+1	6.633860E+1	0.000000E+0	-9.000000E-3	5.375502E-2	-5.369330E-2	5.372416E-2	1.074442E+2				0.000000E+0	0.000000E+0	0.000000E+0	0.000000E+0				0.000000E+0	0.000000E+0	0.000000E+0	0.000000E+0				0.000000E+0	0.000000E+0	0.000000E+0	0.000000E+0	3.988176E+3	0.000000E+0	0.000000E+0
1.086203E-2	-1.055838E-2	1.071021E-2	4.999837E-4	-5.000551E-4	5.000194E-4	6.494475E+1	0.000000E+0	-9.000000E-3	9.478835E-3	-9.668397E-3	9.573616E-3	1.914649E+1				8.698989E-3	-8.681841E-3	8.690415E-3	1.738016E+1	6.454945E+1	0.000000E+0	-9.000000E-3	5.309806E-2	-5.302774E-2	5.306290E-2	1.061217E+2				0.000000E+0	0.000000E+0	0.000000E+0	0.000000E+0				0.000000E+0	0.000000E+0	0.000000E+0	0.000000E+0				0.000000E+0	0.000000E+0	0.000000E+0	0.000000E+0	4.019654E+3	0.000000E+0	0.000000E+0
1.069687E-2	-1.039527E-2	1.054607E-2	4.999833E-4	-5.000550E-4	5.000192E-4	6.311590E+1	0.000000E+0	-9.000000E-3	9.316748E-3	-9.508500E-3	9.412624E-3	1.882453E+1				8.558043E-3	-8.541448E-3	8.549745E-3	1.709884E+1	6.270585E+1	0.000000E+0	-9.000000E-3	5.242332E-2	-5.236253E-2	5.239293E-2	1.047818E+2				0.000000E+0	0.000000E+0	0.000000E+0	0.000000E+0				0.000000E+0	0.000000E+0	0.000000E+0	0.000000E+0				0.000000E+0	0.000000E+0	0.000000E+0	0.000000E+0	4.051472E+3	0.000000E+0	0.000000E+0
1.053816E-2	-1.023825E-2	1.038821E-2	4.999839E-4	-5.000550E-4	5.000195E-4	6.127565E+1	0.000000E+0	-9.000000E-3	9.158835E-3	-9.350804E-3	9.254820E-3	1.850892E+1				8.419151E-3	-8.401368E-3	8.410260E-3	1.681986E+1	6.088025E+1	0.000000E+0	-9.000000E-3	5.176115E-2	-5.169540E-2	5.172827E-2	1.034525E+2				0.000000E+0	0.000000E+0	0.000000E+0	0.000000E+0				0.000000E+0	0.000000E+0	0.000000E+0	0.000000E+0				0.000000E+0	0.000000E+0	0.000000E+0	0.000000E+0	4.083317E+3	0.000000E+0	0.000000E+0
1.038893E-2	-1.008773E-2	1.023833E-2	4.999839E-4	-5.000550E-4	5.000195E-4	5.939695E+1	0.000000E+0	-9.000000E-3	9.005439E-3	-9.197700E-3	9.101569E-3	1.820243E+1				8.281412E-3	-8.265843E-3	8.273627E-3	1.654661E+1	5.900235E+1	0.000000E+0	-9.000000E-3	5.108551E-2	-5.102317E-2	5.105434E-2	1.021047E+2				0.000000E+0	0.000000E+0	0.000000E+0	0.000000E+0				0.000000E+0	0.000000E+0	0.000000E+0	0.000000E+0				0.000000E+0	0.000000E+0	0.000000E+0	0.000000E+0	4.115517E+3	0.000000E+0	0.000000E+0
1.023620E-2	-9.936373E-3	1.008629E-2	4.999838E-4	-5.000548E-4	5.000193E-4	5.748720E+1	0.000000E+0	-9.000000E-3	8.856401E-3	-9.049842E-3	8.953121E-3	1.790555E+1				8.149403E-3	-8.132744E-3	8.141074E-3	1.628152E+1	5.703715E+1	0.000000E+0	-9.000000E-3	5.040724E-2	-5.034076E-2	5.037400E-2	1.007441E+2				0.000000E+0	0.000000E+0	0.000000E+0	0.000000E+0				0.000000E+0	0.000000E+0	0.000000E+0	0.000000E+0				0.000000E+0	0.000000E+0	0.000000E+0	0.000000E+0	4.147251E+3	0.000000E+0	0.000000E+0
1.008844E-2	-9.786078E-3	9.937259E-3	4.999841E-4	-5.000547E-4	5.000194E-4	5.546125E+1	0.000000E+0	-9.000000E-3	8.702996E-3	-8.897097E-3	8.800047E-3	1.759941E+1				8.011442E-3	-7.994502E-3	8.002972E-3	1.600532E+1	5.501160E+1	0.000000E+0	-9.000000E-3	4.969276E-2	-4.961157E-2	4.965216E-2	9.930048E+1				0.000000E+0	0.000000E+0	0.000000E+0	0.000000E+0				0.000000E+0	0.000000E+0	0.000000E+0	0.000000E+0				0.000000E+0	0.000000E+0	0.000000E+0	0.000000E+0	4.179774E+3	0.000000E+0	0.000000E+0
9.924611E-3	-9.623624E-3	9.774118E-3	4.999838E-4	-5.000547E-4	5.000193E-4	5.343695E+1	0.000000E+0	-9.000000E-3	8.543274E-3	-8.738138E-3	8.640706E-3	1.728075E+1				7.868723E-3	-7.851063E-3	7.859893E-3	1.571918E+1	5.296550E+1	0.000000E+0	-9.000000E-3	4.891597E-2	-4.883205E-2	4.887401E-2	9.774426E+1				0.000000E+0	0.000000E+0	0.000000E+0	0.000000E+0				0.000000E+0	0.000000E+0	0.000000E+0	0.000000E+0				0.000000E+0	0.000000E+0	0.000000E+0	0.000000E+0	4.212055E+3	0.000000E+0	0.000000E+0
9.761907E-3	-9.460518E-3	9.611213E-3	4.999840E-4	-5.000552E-4	5.000196E-4	5.138660E+1	0.000000E+0	-9.000000E-3	8.379082E-3	-8.572396E-3	8.475739E-3	1.695081E+1				7.724117E-3	-7.704026E-3	7.714072E-3	1.542754E+1	5.092715E+1	0.000000E+0	-9.000000E-3	4.810767E-2	-4.802635E-2	4.806701E-2	9.613025E+1				0.000000E+0	0.000000E+0	0.000000E+0	0.000000E+0				0.000000E+0	0.000000E+0	0.000000E+0	0.000000E+0				0.000000E+0	0.000000E+0	0.000000E+0	0.000000E+0	4.244403E+3	0.000000E+0	0.000000E+0
9.605214E-3	-9.305921E-3	9.455568E-3	4.999836E-4	-5.000554E-4	5.000195E-4	4.929345E+1	0.000000E+0	-9.000000E-3	8.223257E-3	-8.419784E-3	8.321520E-3	1.664239E+1				7.584838E-3	-7.569268E-3	7.577053E-3	1.515352E+1	4.882090E+1	0.000000E+0	-9.000000E-3	4.733863E-2	-4.725296E-2	4.729580E-2	9.458790E+1				0.000000E+0	0.000000E+0	0.000000E+0	0.000000E+0				0.000000E+0	0.000000E+0	0.000000E+0	0.000000E+0				0.000000E+0	0.000000E+0	0.000000E+0	0.000000E+0	4.276243E+3	0.000000E+0	0.000000E+0
9.461845E-3	-9.164665E-3	9.313255E-3	4.999836E-4	-5.000549E-4	5.000192E-4	4.710955E+1	0.000000E+0	-9.000000E-3	8.082757E-3	-8.278280E-3	8.180519E-3	1.636041E+1				7.456006E-3	-7.440860E-3	7.448433E-3	1.489629E+1	4.659570E+1	0.000000E+0	-9.000000E-3	4.658468E-2	-4.650520E-2	4.654494E-2	9.308630E+1				0.000000E+0	0.000000E+0	0.000000E+0	0.000000E+0				0.000000E+0	0.000000E+0	0.000000E+0	0.000000E+0				0.000000E+0	0.000000E+0	0.000000E+0	0.000000E+0	4.309304E+3	0.000000E+0	0.000000E+0
9.328995E-3	-9.033784E-3	9.181389E-3	4.999837E-4	-5.000551E-4	5.000194E-4	4.482450E+1	0.000000E+0	-9.000000E-3	7.950417E-3	-8.147860E-3	8.049138E-3	1.609765E+1				7.341249E-3	-7.326703E-3	7.333976E-3	1.466738E+1	4.428795E+1	0.000000E+0	-9.000000E-3	4.587603E-2	-4.580865E-2	4.584234E-2	9.168111E+1				0.000000E+0	0.000000E+0	0.000000E+0	0.000000E+0				0.000000E+0	0.000000E+0	0.000000E+0	0.000000E+0				0.000000E+0	0.000000E+0	0.000000E+0	0.000000E+0	4.341523E+3	0.000000E+0	0.000000E+0
9.213162E-3	-8.918515E-3	9.065838E-3	4.999840E-4	-5.000549E-4	5.000194E-4	4.244915E+1	0.000000E+0	-9.000000E-3	7.833036E-3	-8.032383E-3	7.932709E-3	1.586480E+1				7.232691E-3	-7.221213E-3	7.226952E-3	1.445334E+1	4.189185E+1	0.000000E+0	-9.000000E-3	4.519995E-2	-4.512347E-2	4.516171E-2	9.031990E+1				0.000000E+0	0.000000E+0	0.000000E+0	0.000000E+0				0.000000E+0	0.000000E+0	0.000000E+0	0.000000E+0				0.000000E+0	0.000000E+0	0.000000E+0	0.000000E+0	4.374407E+3	0.000000E+0	0.000000E+0
9.099780E-3	-8.807627E-3	8.953704E-3	4.999837E-4	-5.000550E-4	5.000193E-4	3.998765E+1	0.000000E+0	-9.000000E-3	7.722125E-3	-7.924524E-3	7.823324E-3	1.564604E+1				7.135259E-3	-7.124728E-3	7.129993E-3	1.425943E+1	3.944260E+1	0.000000E+0	-9.000000E-3	4.455124E-2	-4.449263E-2	4.452194E-2	8.904043E+1				0.000000E+0	0.000000E+0	0.000000E+0	0.000000E+0				0.000000E+0	0.000000E+0	0.000000E+0	0.000000E+0				0.000000E+0	0.000000E+0	0.000000E+0	0.000000E+0	4.406577E+3	0.000000E+0	0.000000E+0
9.005009E-3	-8.715418E-3	8.860214E-3	4.999833E-4	-5.000552E-4	5.000192E-4	3.754900E+1	0.000000E+0	-9.000000E-3	7.629021E-3	-7.830500E-3	7.729761E-3	1.545893E+1				7.047080E-3	-7.037114E-3	7.042097E-3	1.408365E+1	3.696895E+1	0.000000E+0	-9.000000E-3	4.395134E-2	-4.388783E-2	4.391959E-2	8.783580E+1				0.000000E+0	0.000000E+0	0.000000E+0	0.000000E+0				0.000000E+0	0.000000E+0	0.000000E+0	0.000000E+0				0.000000E+0	0.000000E+0	0.000000E+0	0.000000E+0	4.439515E+3	0.000000E+0	0.000000E+0
8.916365E-3	-8.626335E-3	8.771350E-3	4.999839E-4	-5.000550E-4	5.000195E-4	3.496285E+1	0.000000E+0	-9.000000E-3	7.542493E-3	-7.744666E-3	7.643580E-3	1.528657E+1				6.967652E-3	-6.958570E-3	6.963111E-3	1.392568E+1	3.434650E+1	0.000000E+0	-9.000000E-3	4.337204E-2	-4.331732E-2	4.334468E-2	8.668598E+1				0.000000E+0	0.000000E+0	0.000000E+0	0.000000E+0				0.000000E+0	0.000000E+0	0.000000E+0	0.000000E+0				0.000000E+0	0.000000E+0	0.000000E+0	0.000000E+0	4.471723E+3	0.000000E+0	0.000000E+0
8.838925E-3	-8.550768E-3	8.694846E-3	4.999835E-4	-5.000550E-4	5.000193E-4	3.219705E+1	0.000000E+0	-9.000000E-3	7.465085E-3	-7.668135E-3	7.566610E-3	1.513264E+1				6.893823E-3	-6.885872E-3	6.889848E-3	1.377916E+1	3.148575E+1	0.000000E+0	-9.000000E-3	4.280754E-2	-4.275583E-2	4.278168E-2	8.556007E+1				0.000000E+0	0.000000E+0	0.000000E+0	0.000000E+0				0.000000E+0	0.000000E+0	0.000000E+0	0.000000E+0				0.000000E+0	0.000000E+0	0.000000E+0	0.000000E+0	4.504917E+3	0.000000E+0	0.000000E+0
8.767563E-3	-8.480035E-3	8.623799E-3	4.999836E-4	-5.000549E-4	5.000192E-4	2.914780E+1	0.000000E+0	-9.000000E-3	7.395890E-3	-7.600114E-3	7.498002E-3	1.499543E+1				6.828654E-3	-6.821337E-3	6.824996E-3	1.364947E+1	2.836065E+1	0.000000E+0	-9.000000E-3	4.227236E-2	-4.222347E-2	4.224791E-2	8.449257E+1				0.000000E+0	0.000000E+0	0.000000E+0	0.000000E+0				0.000000E+0	0.000000E+0	0.000000E+0	0.000000E+0				0.000000E+0	0.000000E+0	0.000000E+0	0.000000E+0	4.537918E+3	0.000000E+0	0.000000E+0
8.709455E-3	-8.423021E-3	8.566238E-3	4.999836E-4	-5.000551E-4	5.000193E-4	2.566765E+1	0.000000E+0	-9.000000E-3	7.338913E-3	-7.545579E-3	7.442246E-3	1.488392E+1				6.769948E-3	-6.765188E-3	6.767568E-3	1.353461E+1	2.473180E+1	0.000000E+0	-9.000000E-3	4.176617E-2	-4.172316E-2	4.174467E-2	8.348610E+1				0.000000E+0	0.000000E+0	0.000000E+0	0.000000E+0				0.000000E+0	0.000000E+0	0.000000E+0	0.000000E+0				0.000000E+0	0.000000E+0	0.000000E+0	0.000000E+0	4.571044E+3	0.000000E+0	0.000000E+0
8.663343E-3	-8.376685E-3	8.520014E-3	4.999837E-4	-5.000549E-4	5.000193E-4	2.149555E+1	0.000000E+0	-9.000000E-3	7.292531E-3	-7.498986E-3	7.395758E-3	1.479095E+1				6.721523E-3	-6.717259E-3	6.719391E-3	1.343826E+1	2.034770E+1	0.000000E+0	-9.000000E-3	4.130718E-2	-4.126951E-2	4.128835E-2	8.257350E+1				0.000000E+0	0.000000E+0	0.000000E+0	0.000000E+0				0.000000E+0	0.000000E+0	0.000000E+0	0.000000E+0				0.000000E+0	0.000000E+0	0.000000E+0	0.000000E+0	4.604045E+3	0.000000E+0	0.000000E+0
8.630760E-3	-8.343584E-3	8.487172E-3	4.999836E-4	-5.000551E-4	5.000193E-4	1.627100E+1	0.000000E+0	-9.000000E-3	7.257923E-3	-7.463908E-3	7.360916E-3	1.472126E+1				6.683465E-3	-6.680470E-3	6.681968E-3	1.336342E+1	1.479770E+1	0.000000E+0	-9.000000E-3	4.094780E-2	-4.092311E-2	4.093546E-2	8.186775E+1				0.000000E+0	0.000000E+0	0.000000E+0	0.000000E+0				0.000000E+0	0.000000E+0	0.000000E+0	0.000000E+0				0.000000E+0	0.000000E+0	0.000000E+0	0.000000E+0	4.637134E+3	0.000000E+0	0.000000E+0
8.606240E-3	-8.319380E-3	8.462810E-3	4.999837E-4	-5.000551E-4	5.000194E-4	1.029330E+1	0.000000E+0	-9.000000E-3	7.237706E-3	-7.444882E-3	7.341294E-3	1.468202E+1				6.664497E-3	-6.664800E-3	6.664648E-3	1.332878E+1	9.586600E+0	0.000000E+0	-9.000000E-3	4.080557E-2	-4.080995E-2	4.080776E-2	8.161235E+1				0.000000E+0	0.000000E+0	0.000000E+0	0.000000E+0				0.000000E+0	0.000000E+0	0.000000E+0	0.000000E+0				0.000000E+0	0.000000E+0	0.000000E+0	0.000000E+0	4.670152E+3	0.000000E+0	0.000000E+0
8.605682E-3	-8.320609E-3	8.463145E-3	4.999833E-4	-5.000552E-4	5.000192E-4	9.686600E+0	0.000000E+0	-9.000000E-3	7.236765E-3	-7.442570E-3	7.339668E-3	1.467877E+1				6.663446E-3	-6.663259E-3	6.663352E-3	1.332619E+1	9.664750E+0	0.000000E+0	-9.000000E-3	4.080201E-2	-4.080618E-2	4.080410E-2	8.160505E+1				0.000000E+0	0.000000E+0	0.000000E+0	0.000000E+0				0.000000E+0	0.000000E+0	0.000000E+0	0.000000E+0				0.000000E+0	0.000000E+0	0.000000E+0	0.000000E+0	4.701528E+3	0.000000E+0	0.000000E+0
8.605561E-3	-8.321354E-3	8.463458E-3	4.999834E-4	-5.000550E-4	5.000192E-4	9.570300E+0	0.000000E+0	-9.000000E-3	7.234992E-3	-7.443098E-3	7.339045E-3	1.467753E+1				6.662525E-3	-6.662801E-3	6.662663E-3	1.332481E+1	9.544400E+0	0.000000E+0	-9.000000E-3	4.079699E-2	-4.080066E-2	4.079882E-2	8.159451E+1				0.000000E+0	0.000000E+0	0.000000E+0	0.000000E+0				0.000000E+0	0.000000E+0	0.000000E+0	0.000000E+0				0.000000E+0	0.000000E+0	0.000000E+0	0.000000E+0	4.733484E+3	0.000000E+0	0.000000E+0
8.605876E-3	-8.321527E-3	8.463702E-3	4.999837E-4	-5.000553E-4	5.000195E-4	9.449000E+0	0.000000E+0	-9.000000E-3	7.234126E-3	-7.441853E-3	7.337990E-3	1.467541E+1				6.661245E-3	-6.661329E-3	6.661287E-3	1.332206E+1	9.421550E+0	0.000000E+0	-9.000000E-3	4.079282E-2	-4.079756E-2	4.079519E-2	8.158721E+1				0.000000E+0	0.000000E+0	0.000000E+0	0.000000E+0				0.000000E+0	0.000000E+0	0.000000E+0	0.000000E+0				0.000000E+0	0.000000E+0	0.000000E+0	0.000000E+0	4.765109E+3	0.000000E+0	0.000000E+0
8.603309E-3	-8.319838E-3	8.461573E-3	4.999837E-4	-5.000551E-4	5.000194E-4	9.322200E+0	0.000000E+0	-9.000000E-3	7.233364E-3	-7.440222E-3	7.336793E-3	1.467302E+1				6.660134E-3	-6.660519E-3	6.660326E-3	1.332014E+1	9.297100E+0	0.000000E+0	-9.000000E-3	4.078609E-2	-4.079160E-2	4.078884E-2	8.157452E+1				0.000000E+0	0.000000E+0	0.000000E+0	0.000000E+0				0.000000E+0	0.000000E+0	0.000000E+0	0.000000E+0				0.000000E+0	0.000000E+0	0.000000E+0	0.000000E+0	4.796885E+3	0.000000E+0	0.000000E+0
8.602907E-3	-8.320239E-3	8.461573E-3	4.999840E-4	-5.000550E-4	5.000195E-4	9.202300E+0	0.000000E+0	-9.000000E-3	7.231352E-3	-7.439268E-3	7.335310E-3	1.467005E+1				6.658851E-3	-6.659846E-3	6.659348E-3	1.331818E+1	9.173850E+0	0.000000E+0	-9.000000E-3	4.077919E-2	-4.078234E-2	4.078077E-2	8.155836E+1				0.000000E+0	0.000000E+0	0.000000E+0	0.000000E+0				0.000000E+0	0.000000E+0	0.000000E+0	0.000000E+0				0.000000E+0	0.000000E+0	0.000000E+0	0.000000E+0	4.828446E+3	0.000000E+0	0.000000E+0
8.605593E-3	-8.322203E-3	8.463898E-3	4.999837E-4	-5.000550E-4	5.000193E-4	9.082150E+0	0.000000E+0	-9.000000E-3	7.231900E-3	-7.439099E-3	7.335500E-3	1.467043E+1				6.653938E-3	-6.650632E-3	6.652285E-3	1.330406E+1	9.055850E+0	0.000000E+0	-9.000000E-3	4.076761E-2	-4.077120E-2	4.076940E-2	8.153565E+1				0.000000E+0	0.000000E+0	0.000000E+0	0.000000E+0				0.000000E+0	0.000000E+0	0.000000E+0	0.000000E+0				0.000000E+0	0.000000E+0	0.000000E+0	0.000000E+0	4.859828E+3	0.000000E+0	0.000000E+0
8.607627E-3	-8.323915E-3	8.465771E-3	4.999835E-4	-5.000550E-4	5.000193E-4	8.963450E+0	0.000000E+0	-9.000000E-3	7.230105E-3	-7.438492E-3	7.334299E-3	1.466803E+1				7.584017E-4	-7.577895E-4	7.580956E-4	1.516133E+0	8.939300E+0	0.000000E+0	-9.000000E-3	4.074477E-2	-4.074536E-2	4.074507E-2	8.148700E+1				0.000000E+0	0.000000E+0	0.000000E+0	0.000000E+0				0.000000E+0	0.000000E+0	0.000000E+0	0.000000E+0				0.000000E+0	0.000000E+0	0.000000E+0	0.000000E+0	4.891548E+3	0.000000E+0	0.000000E+0
8.602549E-3	-8.318255E-3	8.460402E-3	4.999833E-4	-5.000554E-4	5.000193E-4	8.849750E+0	0.000000E+0	-9.000000E-3	7.230126E-3	-7.437006E-3	7.333566E-3	1.466656E+1				7.582508E-4	-7.574008E-4	7.578258E-4	1.515593E+0	8.823250E+0	0.000000E+0	-9.000000E-3	4.031837E-2	-3.899534E-2	3.965685E-2	7.931064E+1				0.000000E+0	0.000000E+0	0.000000E+0	0.000000E+0				0.000000E+0	0.000000E+0	0.000000E+0	0.000000E+0				0.000000E+0	0.000000E+0	0.000000E+0	0.000000E+0	4.923046E+3	0.000000E+0	0.000000E+0
8.603566E-3	-8.318367E-3	8.460967E-3	4.999835E-4	-5.000547E-4	5.000191E-4	8.737600E+0	0.000000E+0	-9.000000E-3	7.228780E-3	-7.436506E-3	7.332643E-3	1.466473E+1				7.583683E-4	-7.569105E-4	7.576394E-4	1.515221E+0	8.711050E+0	0.000000E+0	-9.000000E-3	7.552954E-4	-7.563190E-4	7.558072E-4	1.511557E+0				0.000000E+0	0.000000E+0	0.000000E+0	0.000000E+0				0.000000E+0	0.000000E+0	0.000000E+0	0.000000E+0				0.000000E+0	0.000000E+0	0.000000E+0	0.000000E+0	4.954439E+3	0.000000E+0	0.000000E+0
8.603458E-3	-8.317675E-3	8.460566E-3	4.999838E-4	-5.000547E-4	5.000193E-4	8.621500E+0	0.000000E+0	-9.000000E-3	7.229080E-3	-7.434729E-3	7.331904E-3	1.466324E+1				7.550808E-4	-7.548208E-4	7.549508E-4	1.509843E+0	8.597800E+0	0.000000E+0	-9.000000E-3	7.542972E-4	-7.550968E-4	7.546970E-4	1.509336E+0				0.000000E+0	0.000000E+0	0.000000E+0	0.000000E+0				0.000000E+0	0.000000E+0	0.000000E+0	0.000000E+0				0.000000E+0	0.000000E+0	0.000000E+0	0.000000E+0	4.986279E+3	0.000000E+0	0.000000E+0
8.602801E-3	-8.318030E-3	8.460416E-3	4.999838E-4	-5.000544E-4	5.000191E-4	8.511500E+0	0.000000E+0	-9.000000E-3	7.227290E-3	-7.433332E-3	7.330311E-3	1.466006E+1				7.561799E-4	-7.549358E-4	7.555579E-4	1.511058E+0	8.486300E+0	0.000000E+0	-9.000000E-3	7.537012E-4	-7.535989E-4	7.536500E-4	1.507243E+0				0.000000E+0	0.000000E+0	0.000000E+0	0.000000E+0				0.000000E+0	0.000000E+0	0.000000E+0	0.000000E+0				0.000000E+0	0.000000E+0	0.000000E+0	0.000000E+0	5.017910E+3	0.000000E+0	0.000000E+0
8.597761E-3	-8.313701E-3	8.455731E-3	4.999838E-4	-5.000546E-4	5.000192E-4	8.402450E+0	0.000000E+0	-9.000000E-3	7.225379E-3	-7.433662E-3	7.329521E-3	1.465848E+1				7.542575E-4	-7.547950E-4	7.545262E-4	1.508995E+0	8.376150E+0	0.000000E+0	-9.000000E-3	7.515900E-4	-7.541129E-4	7.528514E-4	1.505645E+0				0.000000E+0	0.000000E+0	0.000000E+0	0.000000E+0				0.000000E+0	0.000000E+0	0.000000E+0	0.000000E+0				0.000000E+0	0.000000E+0	0.000000E+0	0.000000E+0	5.049420E+3	0.000000E+0	0.000000E+0
8.599666E-3	-8.316122E-3	8.457894E-3	4.999835E-4	-5.000544E-4	5.000189E-4	8.316950E+0	0.000000E+0	-9.000000E-3	7.225023E-3	-7.433869E-3	7.329446E-3	1.465834E+1				7.531181E-4	-7.543043E-4	7.537112E-4	1.507365E+0	8.305350E+0	0.000000E+0	-9.000000E-3	7.503365E-4	-7.534311E-4	7.518838E-4	1.503711E+0				0.000000E+0	0.000000E+0	0.000000E+0	0.000000E+0				0.000000E+0	0.000000E+0	0.000000E+0	0.000000E+0				0.000000E+0	0.000000E+0	0.000000E+0	0.000000E+0	5.080916E+3	0.000000E+0	0.000000E+0
8.598139E-3	-8.313878E-3	8.456009E-3	4.999836E-4	-5.000544E-4	5.000190E-4	8.252100E+0	0.000000E+0	-9.000000E-3	7.224762E-3	-7.430620E-3	7.327691E-3	1.465482E+1				7.520492E-4	-7.527561E-4	7.524027E-4	1.504748E+0	8.238750E+0	0.000000E+0	-9.000000E-3	7.506170E-4	-7.523391E-4	7.514780E-4	1.502899E+0				0.000000E+0	0.000000E+0	0.000000E+0	0.000000E+0				0.000000E+0	0.000000E+0	0.000000E+0	0.000000E+0				0.000000E+0	0.000000E+0	0.000000E+0	0.000000E+0	5.112771E+3	0.000000E+0	0.000000E+0
8.595377E-3	-8.311940E-3	8.453658E-3	4.999838E-4	-5.000546E-4	5.000192E-4	8.184900E+0	0.000000E+0	-9.000000E-3	7.223220E-3	-7.429697E-3	7.326459E-3	1.465235E+1				7.512916E-4	-7.519326E-4	7.516121E-4	1.503167E+0	8.169150E+0	0.000000E+0	-9.000000E-3	7.487831E-4	-7.512700E-4	7.500265E-4	1.499995E+0				0.000000E+0	0.000000E+0	0.000000E+0	0.000000E+0				0.000000E+0	0.000000E+0	0.000000E+0	0.000000E+0				0.000000E+0	0.000000E+0	0.000000E+0	0.000000E+0	5.144514E+3	0.000000E+0	0.000000E+0
8.594703E-3	-8.310187E-3	8.452445E-3	4.999835E-4	-5.000546E-4	5.000191E-4	8.119950E+0	0.000000E+0	-9.000000E-3	7.223119E-3	-7.428598E-3	7.325859E-3	1.465116E+1				7.505080E-4	-7.512884E-4	7.508982E-4	1.501739E+0	8.105100E+0	0.000000E+0	-9.000000E-3	7.474283E-4	-7.509731E-4	7.492007E-4	1.498344E+0				0.000000E+0	0.000000E+0	0.000000E+0	0.000000E+0				0.000000E+0	0.000000E+0	0.000000E+0	0.000000E+0				0.000000E+0	0.000000E+0	0.000000E+0	0.000000E+0	5.176048E+3	0.000000E+0	0.000000E+0
8.591917E-3	-8.306255E-3	8.449086E-3	4.999833E-4	-5.000547E-4	5.000190E-4	8.053600E+0	0.000000E+0	-9.000000E-3	7.219979E-3	-7.428327E-3	7.324153E-3	1.464775E+1				7.497044E-4	-7.499948E-4	7.498496E-4	1.499642E+0	8.036950E+0	0.000000E+0	-9.000000E-3	7.480582E-4	-7.496076E-4	7.488329E-4	1.497609E+0				0.000000E+0	0.000000E+0	0.000000E+0	0.000000E+0				0.000000E+0	0.000000E+0	0.000000E+0	0.000000E+0				0.000000E+0	0.000000E+0	0.000000E+0	0.000000E+0	5.207543E+3	0.000000E+0	0.000000E+0
8.588239E-3	-8.303081E-3	8.445660E-3	4.999837E-4	-5.000549E-4	5.000193E-4	7.983800E+0	0.000000E+0	-9.000000E-3	7.219328E-3	-7.426501E-3	7.322915E-3	1.464526E+1				7.480909E-4	-7.500351E-4	7.490630E-4	1.498068E+0	7.970150E+0	0.000000E+0	-9.000000E-3	7.465812E-4	-7.481872E-4	7.473842E-4	1.494711E+0				0.000000E+0	0.000000E+0	0.000000E+0	0.000000E+0				0.000000E+0	0.000000E+0	0.000000E+0	0.000000E+0				0.000000E+0	0.000000E+0	0.000000E+0	0.000000E+0	5.239429E+3	0.000000E+0	0.000000E+0
8.587095E-3	-8.301781E-3	8.444438E-3	4.999834E-4	-5.000542E-4	5.000188E-4	7.915650E+0	0.000000E+0	-9.000000E-3	7.219903E-3	-7.424821E-3	7.322362E-3	1.464417E+1				7.481747E-4	-7.488408E-4	7.485077E-4	1.496959E+0	7.901400E+0	0.000000E+0	-9.000000E-3	7.449463E-4	-7.481614E-4	7.465539E-4	1.493052E+0				0.000000E+0	0.000000E+0	0.000000E+0	0.000000E+0				0.000000E+0	0.000000E+0	0.000000E+0	0.000000E+0				0.000000E+0	0.000000E+0	0.000000E+0	0.000000E+0	5.271033E+3	0.000000E+0	0.000000E+0
8.024082E-3	-8.179289E-3	8.101686E-3	4.999834E-4	-5.000550E-4	5.000192E-4	7.813400E+0	0.000000E+0	-9.000000E-3	6.873636E-3	-7.371364E-3	7.122500E-3	1.424445E+1				7.476386E-4	-7.469658E-4	7.473022E-4	1.494547E+0	7.830000E+0	0.000000E+0	-9.000000E-3	7.437501E-4	-7.462433E-4	7.449967E-4	1.489936E+0				0.000000E+0	0.000000E+0	0.000000E+0	0.000000E+0				0.000000E+0	0.000000E+0	0.000000E+0	0.000000E+0				0.000000E+0	0.000000E+0	0.000000E+0	0.000000E+0	5.302547E+3	0.000000E+0	0.000000E+0
8.574775E-3	-8.288736E-3	8.431755E-3	4.999836E-4	-5.000546E-4	5.000191E-4	7.850050E+0	0.000000E+0	-9.000000E-3	7.207164E-3	-7.412070E-3	7.309617E-3	1.461868E+1				7.460315E-4	-7.475409E-4	7.467862E-4	1.493515E+0	7.849250E+0	0.000000E+0	-9.000000E-3	7.431955E-4	-7.443565E-4	7.437760E-4	1.487495E+0				0.000000E+0	0.000000E+0	0.000000E+0	0.000000E+0				0.000000E+0	0.000000E+0	0.000000E+0	0.000000E+0				0.000000E+0	0.000000E+0	0.000000E+0	0.000000E+0	5.334008E+3	0.000000E+0	0.000000E+0
8.579399E-3	-8.294882E-3	8.437140E-3	4.999836E-4	-5.000546E-4	5.000191E-4	7.865950E+0	0.000000E+0	-9.000000E-3	7.212737E-3	-7.419384E-3	7.316060E-3	1.463156E+1				7.455058E-4	-7.455585E-4	7.455321E-4	1.491007E+0	7.861300E+0	0.000000E+0	-9.000000E-3	7.430179E-4	-7.444166E-4	7.437173E-4	1.487378E+0				0.000000E+0	0.000000E+0	0.000000E+0	0.000000E+0				0.000000E+0	0.000000E+0	0.000000E+0	0.000000E+0				0.000000E+0	0.000000E+0	0.000000E+0	0.000000E+0	5.365756E+3	0.000000E+0	0.000000E+0
8.577907E-3	-8.291801E-3	8.434854E-3	4.999834E-4	-5.000550E-4	5.000192E-4	7.851850E+0	0.000000E+0	-9.000000E-3	7.209560E-3	-7.405000E-3	7.307280E-3	1.461400E+1				7.449297E-4	-7.450874E-4	7.450085E-4	1.489960E+0	7.833150E+0	0.000000E+0	-9.000000E-3	7.406739E-4	-7.426832E-4	7.416786E-4	1.483300E+0				0.000000E+0	0.000000E+0	0.000000E+0	0.000000E+0				0.000000E+0	0.000000E+0	0.000000E+0	0.000000E+0				0.000000E+0	0.000000E+0	0.000000E+0	0.000000E+0	5.397452E+3	0.000000E+0	0.000000E+0
8.561599E-3	-8.280747E-3	8.421173E-3	4.999834E-4	-5.000546E-4	5.000190E-4	7.856850E+0	0.000000E+0	-9.000000E-3	7.197372E-3	-7.405393E-3	7.301382E-3	1.460221E+1				7.438652E-4	-7.437501E-4	7.438076E-4	1.487559E+0	7.857700E+0	0.000000E+0	-9.000000E-3	7.387339E-4	-7.419362E-4	7.403350E-4	1.480614E+0				0.000000E+0	0.000000E+0	0.000000E+0	0.000000E+0				0.000000E+0	0.000000E+0	0.000000E+0	0.000000E+0				0.000000E+0	0.000000E+0	0.000000E+0	0.000000E+0	5.429048E+3	0.000000E+0	0.000000E+0
8.558921E-3	-8.275389E-3	8.417155E-3	4.999834E-4	-5.000543E-4	5.000188E-4	7.860550E+0	0.000000E+0	-9.000000E-3	7.192932E-3	-7.401074E-3	7.297003E-3	1.459346E+1				7.427832E-4	-7.428637E-4	7.428235E-4	1.485591E+0	7.859800E+0	0.000000E+0	-9.000000E-3	7.382888E-4	-7.414431E-4	7.398659E-4	1.479676E+0				0.000000E+0	0.000000E+0	0.000000E+0	0.000000E+0				0.000000E+0	0.000000E+0	0.000000E+0	0.000000E+0				0.000000E+0	0.000000E+0	0.000000E+0	0.000000E+0	5.460549E+3	0.000000E+0	0.000000E+0
8.564353E-3	-8.284064E-3	8.424209E-3	4.999836E-4	-5.000546E-4	5.000191E-4	7.874500E+0	0.000000E+0	-9.000000E-3	7.202161E-3	-7.412220E-3	7.307190E-3	1.461382E+1				7.408743E-4	-7.419622E-4	7.414182E-4	1.482780E+0	7.942800E+0	0.000000E+0	-9.000000E-3	7.377045E-4	-7.394988E-4	7.386017E-4	1.477147E+0				0.000000E+0	0.000000E+0	0.000000E+0	0.000000E+0				0.000000E+0	0.000000E+0	0.000000E+0	0.000000E+0				0.000000E+0	0.000000E+0	0.000000E+0	0.000000E+0	5.492390E+3	0.000000E+0	0.000000E+0
8.099213E-3	-7.990183E-3	8.044698E-3	4.999834E-4	-5.000543E-4	5.000188E-4	7.829850E+0	0.000000E+0	-9.000000E-3	6.861334E-3	-7.176070E-3	7.018702E-3	1.403687E+1				7.399633E-4	-7.407649E-4	7.403641E-4	1.480672E+0	7.844050E+0	0.000000E+0	-9.000000E-3	7.360652E-4	-7.383618E-4	7.372135E-4	1.474371E+0				0.000000E+0	0.000000E+0	0.000000E+0	0.000000E+0				0.000000E+0	0.000000E+0	0.000000E+0	0.000000E+0				0.000000E+0	0.000000E+0	0.000000E+0	0.000000E+0	5.524060E+3	0.000000E+0	0.000000E+0
3.914088E-3	-5.273256E-3	4.593672E-3	4.999834E-4	-5.000545E-4	5.000189E-4	7.765700E+0	0.000000E+0	-9.000000E-3	3.686699E-3	-4.880320E-3	4.283509E-3	8.566694E+0				7.393306E-4	-7.396916E-4	7.395111E-4	1.478966E+0	7.766300E+0	0.000000E+0	-9.000000E-3	7.351337E-4	-7.363794E-4	7.357565E-4	1.471457E+0				0.000000E+0	0.000000E+0	0.000000E+0	0.000000E+0				0.000000E+0	0.000000E+0	0.000000E+0	0.000000E+0				0.000000E+0	0.000000E+0	0.000000E+0	0.000000E+0	5.556032E+3	0.000000E+0	0.000000E+0
4.708624E-3	-2.466776E-3	3.587700E-3	4.999832E-4	-5.000546E-4	5.000189E-4	7.669700E+0	0.000000E+0	-9.000000E-3	1.580355E-3	-1.579253E-3	1.579804E-3	3.159489E+0				7.378853E-4	-7.385277E-4	7.382065E-4	1.476357E+0	7.705800E+0	0.000000E+0	-9.000000E-3	7.333833E-4	-7.359958E-4	7.346896E-4	1.469324E+0				0.000000E+0	0.000000E+0	0.000000E+0	0.000000E+0				0.000000E+0	0.000000E+0	0.000000E+0	0.000000E+0				0.000000E+0	0.000000E+0	0.000000E+0	0.000000E+0	5.587506E+3	0.000000E+0	0.000000E+0
3.587916E-3	-2.633830E-3	3.110873E-3	4.999833E-4	-5.000549E-4	5.000191E-4	7.660850E+0	0.000000E+0	-9.000000E-3	1.664225E-3	-1.558999E-3	1.611612E-3	3.223101E+0				7.367633E-4	-7.384143E-4	7.375888E-4	1.475121E+0	7.613800E+0	0.000000E+0	-9.000000E-3	7.321486E-4	-7.353094E-4	7.337290E-4	1.467402E+0				0.000000E+0	0.000000E+0	0.000000E+0	0.000000E+0				0.000000E+0	0.000000E+0	0.000000E+0	0.000000E+0				0.000000E+0	0.000000E+0	0.000000E+0	0.000000E+0	5.618965E+3	0.000000E+0	0.000000E+0
3.149561E-3	-2.463957E-3	2.806759E-3	4.999838E-4	-5.000546E-4	5.000192E-4	7.642100E+0	0.000000E+0	-9.000000E-3	1.521339E-3	-1.495656E-3	1.508497E-3	3.016879E+0				7.359667E-4	-7.370859E-4	7.365263E-4	1.472996E+0	7.552850E+0	0.000000E+0	-9.000000E-3	7.318001E-4	-7.327520E-4	7.322760E-4	1.464496E+0				0.000000E+0	0.000000E+0	0.000000E+0	0.000000E+0				0.000000E+0	0.000000E+0	0.000000E+0	0.000000E+0				0.000000E+0	0.000000E+0	0.000000E+0	0.000000E+0	5.650562E+3	0.000000E+0	0.000000E+0
2.569142E-3	-2.360673E-3	2.464908E-3	4.999834E-4	-5.000546E-4	5.000190E-4	7.629850E+0	0.000000E+0	-9.000000E-3	1.254176E-3	-1.477207E-3	1.365691E-3	2.731278E+0				7.361302E-4	-7.356024E-4	7.358663E-4	1.471677E+0	7.537500E+0	0.000000E+0	-9.000000E-3	7.309436E-4	-7.316509E-4	7.312972E-4	1.462539E+0				0.000000E+0	0.000000E+0	0.000000E+0	0.000000E+0				0.000000E+0	0.000000E+0	0.000000E+0	0.000000E+0				0.000000E+0	0.000000E+0	0.000000E+0	0.000000E+0	5.682125E+3	0.000000E+0	0.000000E+0
2.382098E-3	-2.179550E-3	2.280824E-3	4.999831E-4	-5.000547E-4	5.000189E-4	7.576100E+0	0.000000E+0	-9.000000E-3	1.062541E-3	-1.345988E-3	1.204265E-3	2.408438E+0				7.340537E-4	-7.342064E-4	7.341300E-4	1.468205E+0	7.529250E+0	0.000000E+0	-9.000000E-3	7.292172E-4	-7.305767E-4	7.298970E-4	1.459739E+0				0.000000E+0	0.000000E+0	0.000000E+0	0.000000E+0				0.000000E+0	0.000000E+0	0.000000E+0	0.000000E+0				0.000000E+0	0.000000E+0	0.000000E+0	0.000000E+0	5.713639E+3	0.000000E+0	0.000000E+0
2.266659E-3	-2.003781E-3	2.135220E-3	4.999835E-4	-5.000548E-4	5.000192E-4	7.505100E+0	0.000000E+0	-9.000000E-3	9.089932E-4	-1.171539E-3	1.040266E-3	2.080452E+0				7.328707E-4	-7.342033E-4	7.335370E-4	1.467018E+0	7.520800E+0	0.000000E+0	-9.000000E-3	7.275055E-4	-7.295179E-4	7.285117E-4	1.456968E+0				0.000000E+0	0.000000E+0	0.000000E+0	0.000000E+0				0.000000E+0	0.000000E+0	0.000000E+0	0.000000E+0				0.000000E+0	0.000000E+0	0.000000E+0	0.000000E+0	5.745287E+3	0.000000E+0	0.000000E+0
2.217766E-3	-1.927711E-3	2.072738E-3	4.999833E-4	-5.000547E-4	5.000190E-4	7.442400E+0	0.000000E+0	-9.000000E-3	8.518020E-4	-1.060513E-3	9.561573E-4	1.912242E+0				7.315217E-4	-7.324316E-4	7.319766E-4	1.463898E+0	7.469550E+0	0.000000E+0	-9.000000E-3	7.267461E-4	-7.289873E-4	7.278667E-4	1.455678E+0				0.000000E+0	0.000000E+0	0.000000E+0	0.000000E+0				0.000000E+0	0.000000E+0	0.000000E+0	0.000000E+0				0.000000E+0	0.000000E+0	0.000000E+0	0.000000E+0	5.776894E+3	0.000000E+0	0.000000E+0
2.205600E-3	-1.916127E-3	2.060864E-3	4.999834E-4	-5.000546E-4	5.000190E-4	7.375900E+0	0.000000E+0	-9.000000E-3	8.331345E-4	-1.038994E-3	9.360645E-4	1.872058E+0				7.316710E-4	-7.312325E-4	7.314518E-4	1.462848E+0	7.424800E+0	0.000000E+0	-9.000000E-3	7.271696E-4	-7.274717E-4	7.273207E-4	1.454586E+0				0.000000E+0	0.000000E+0	0.000000E+0	0.000000E+0				0.000000E+0	0.000000E+0	0.000000E+0	0.000000E+0				0.000000E+0	0.000000E+0	0.000000E+0	0.000000E+0	5.808551E+3	0.000000E+0	0.000000E+0
2.191651E-3	-1.904966E-3	2.048309E-3	4.999835E-4	-5.000547E-4	5.000191E-4	7.333700E+0	0.000000E+0	-9.000000E-3	8.233508E-4	-1.028687E-3	9.260191E-4	1.851967E+0				7.310561E-4	-7.301406E-4	7.305983E-4	1.461141E+0	7.365950E+0	0.000000E+0	-9.000000E-3	7.250257E-4	-7.267151E-4	7.258704E-4	1.451685E+0				0.000000E+0	0.000000E+0	0.000000E+0	0.000000E+0				0.000000E+0	0.000000E+0	0.000000E+0	0.000000E+0				0.000000E+0	0.000000E+0	0.000000E+0	0.000000E+0	5.840035E+3	0.000000E+0	0.000000E+0
2.188415E-3	-1.902513E-3	2.045464E-3	4.999834E-4	-5.000546E-4	5.000190E-4	7.276450E+0	0.000000E+0	-9.000000E-3	8.157470E-4	-1.019829E-3	9.177878E-4	1.835506E+0				7.290040E-4	-7.286941E-4	7.288491E-4	1.457643E+0	7.297900E+0	0.000000E+0	-9.000000E-3	7.233472E-4	-7.244209E-4	7.238840E-4	1.447713E+0				0.000000E+0	0.000000E+0	0.000000E+0	0.000000E+0				0.000000E+0	0.000000E+0	0.000000E+0	0.000000E+0				0.000000E+0	0.000000E+0	0.000000E+0	0.000000E+0	5.871813E+3	0.000000E+0	0.000000E+0
2.185247E-3	-1.896578E-3	2.040912E-3	4.999834E-4	-5.000549E-4	5.000192E-4	7.226900E+0	0.000000E+0	-9.000000E-3	8.086043E-4	-1.015122E-3	9.118630E-4	1.823656E+0				7.281087E-4	-7.281228E-4	7.281157E-4	1.456176E+0	7.240450E+0	0.000000E+0	-9.000000E-3	7.211960E-4	-7.239398E-4	7.225679E-4	1.445080E+0				0.000000E+0	0.000000E+0	0.000000E+0	0.000000E+0				0.000000E+0	0.000000E+0	0.000000E+0	0.000000E+0				0.000000E+0	0.000000E+0	0.000000E+0	0.000000E+0	5.903555E+3	0.000000E+0	0.000000E+0
2.175184E-3	-1.884933E-3	2.030059E-3	4.999835E-4	-5.000546E-4	5.000191E-4	7.163500E+0	0.000000E+0	-9.000000E-3	8.027140E-4	-1.008871E-3	9.057924E-4	1.811516E+0				7.266980E-4	-7.270597E-4	7.268788E-4	1.453702E+0	7.195650E+0	0.000000E+0	-9.000000E-3	7.219958E-4	-7.233229E-4	7.226593E-4	1.445264E+0				0.000000E+0	0.000000E+0	0.000000E+0	0.000000E+0				0.000000E+0	0.000000E+0	0.000000E+0	0.000000E+0				0.000000E+0	0.000000E+0	0.000000E+0	0.000000E+0	5.935137E+3	0.000000E+0	0.000000E+0
2.176531E-3	-1.882998E-3	2.029765E-3	4.999834E-4	-5.000547E-4	5.000191E-4	7.101700E+0	0.000000E+0	-9.000000E-3	7.996145E-4	-1.004444E-3	9.020290E-4	1.803989E+0				7.253325E-4	-7.261767E-4	7.257546E-4	1.451454E+0	7.147550E+0	0.000000E+0	-9.000000E-3	7.193094E-4	-7.213419E-4	7.203256E-4	1.440596E+0				0.000000E+0	0.000000E+0	0.000000E+0	0.000000E+0				0.000000E+0	0.000000E+0	0.000000E+0	0.000000E+0				0.000000E+0	0.000000E+0	0.000000E+0	0.000000E+0	5.966523E+3	0.000000E+0	0.000000E+0
2.173443E-3	-1.880044E-3	2.026743E-3	4.999834E-4	-5.000547E-4	5.000191E-4	7.089900E+0	0.000000E+0	-9.000000E-3	8.003203E-4	-1.001191E-3	9.007556E-4	1.801443E+0				7.244793E-4	-7.228957E-4	7.236875E-4	1.447320E+0	7.089450E+0	0.000000E+0	-9.000000E-3	7.183427E-4	-7.202033E-4	7.192730E-4	1.438491E+0				0.000000E+0	0.000000E+0	0.000000E+0	0.000000E+0				0.000000E+0	0.000000E+0	0.000000E+0	0.000000E+0				0.000000E+0	0.000000E+0	0.000000E+0	0.000000E+0	5.998414E+3	0.000000E+0	0.000000E+0
2.169879E-3	-1.876426E-3	2.023153E-3	4.999834E-4	-5.000547E-4	5.000191E-4	7.061300E+0	0.000000E+0	-9.000000E-3	7.983094E-4	-1.000683E-3	8.994962E-4	1.798924E+0				7.235261E-4	-7.237297E-4	7.236279E-4	1.447201E+0	7.046800E+0	0.000000E+0	-9.000000E-3	7.174653E-4	-7.196052E-4	7.185353E-4	1.437016E+0				0.000000E+0	0.000000E+0	0.000000E+0	0.000000E+0				0.000000E+0	0.000000E+0	0.000000E+0	0.000000E+0				0.000000E+0	0.000000E+0	0.000000E+0	0.000000E+0	6.030110E+3	0.000000E+0	0.000000E+0
2.162410E-3	-1.869920E-3	2.016165E-3	4.999833E-4	-5.000544E-4	5.000188E-4	6.996100E+0	0.000000E+0	-9.000000E-3	7.966431E-4	-9.990294E-4	8.978362E-4	1.795605E+0				7.215126E-4	-7.220535E-4	7.217831E-4	1.443512E+0	7.009750E+0	0.000000E+0	-9.000000E-3	7.162484E-4	-7.185856E-4	7.174170E-4	1.434780E+0				0.000000E+0	0.000000E+0	0.000000E+0	0.000000E+0				0.000000E+0	0.000000E+0	0.000000E+0	0.000000E+0				0.000000E+0	0.000000E+0	0.000000E+0	0.000000E+0	6.061976E+3	0.000000E+0	0.000000E+0
2.160192E-3	-1.868205E-3	2.014198E-3	4.999835E-4	-5.000546E-4	5.000191E-4	6.979250E+0	0.000000E+0	-9.000000E-3	7.946920E-4	-9.970655E-4	8.958787E-4	1.791689E+0				7.216876E-4	-7.215405E-4	7.216140E-4	1.443173E+0	6.933300E+0	0.000000E+0	-9.000000E-3	7.157160E-4	-7.181919E-4	7.169540E-4	1.433853E+0				0.000000E+0	0.000000E+0	0.000000E+0	0.000000E+0				0.000000E+0	0.000000E+0	0.000000E+0	0.000000E+0				0.000000E+0	0.000000E+0	0.000000E+0	0.000000E+0	6.093576E+3	0.000000E+0	0.000000E+0
2.157130E-3	-1.867602E-3	2.012366E-3	4.999833E-4	-5.000546E-4	5.000189E-4	7.061650E+0	0.000000E+0	-9.000000E-3	7.951009E-4	-9.993507E-4	8.972258E-4	1.794384E+0				7.203771E-4	-7.206613E-4	7.205192E-4	1.440984E+0	7.062150E+0	0.000000E+0	-9.000000E-3	7.149022E-4	-7.168125E-4	7.158573E-4	1.431660E+0				0.000000E+0	0.000000E+0	0.000000E+0	0.000000E+0				0.000000E+0	0.000000E+0	0.000000E+0	0.000000E+0				0.000000E+0	0.000000E+0	0.000000E+0	0.000000E+0	6.125044E+3	0.000000E+0	0.000000E+0
2.155013E-3	-1.864359E-3	2.009686E-3	4.999837E-4	-5.000547E-4	5.000192E-4	6.092150E+0	0.000000E+0	-9.000000E-3	7.926365E-4	-9.959054E-4	8.942709E-4	1.788473E+0				7.203780E-4	-7.195416E-4	7.199598E-4	1.439864E+0	5.354750E+0	0.000000E+0	-9.000000E-3	7.143830E-4	-7.165567E-4	7.154699E-4	1.430885E+0				0.000000E+0	0.000000E+0	0.000000E+0	0.000000E+0				0.000000E+0	0.000000E+0	0.000000E+0	0.000000E+0				0.000000E+0	0.000000E+0	0.000000E+0	0.000000E+0	6.157337E+3	0.000000E+0	0.000000E+0
2.149774E-3	-1.860620E-3	2.005197E-3	4.999838E-4	-5.000543E-4	5.000191E-4	2.600650E+0	0.000000E+0	-9.000000E-3	7.845425E-4	-9.894367E-4	8.869896E-4	1.773912E+0				7.120097E-4	-7.114042E-4	7.117069E-4	1.423360E+0	2.213250E+0	0.000000E+0	-9.000000E-3	7.047335E-4	-7.051914E-4	7.049625E-4	1.409871E+0				0.000000E+0	0.000000E+0	0.000000E+0	0.000000E+0				0.000000E+0	0.000000E+0	0.000000E+0	0.000000E+0				0.000000E+0	0.000000E+0	0.000000E+0	0.000000E+0	6.190386E+3	0.000000E+0	0.000000E+0
