
Resistance temp-continupus-scan only SMU only (+-)average

SMU-V(+)	SMU-V(-)	SMU-V(+-)/ABS	SMU-I(+)	SMU-I(-)	SMU-I(+-)/ABS	temp-ch1 (K)	EX. temp-ch1(K)	magnetic Field-ch1 (Oe)	2700-CH1(+)	2700-CH1(-)	2700-CH1(+-)	R(+-)-2700-CH1	N/A	N/A	N/A	DMM-2182-CH1(+)	DMM-2182-CH1(-)	DMM-2182-CH1(+-)/ABS	R(+-)-2182-CH1	temp-ch3 (K)	EX. temp-ch3(K)	magnetic Field-ch3 (Oe)	2700-CH3(+)	2700-CH3(-)	2700-CH3(+-)	R(+-)-2700-CH3	N/A	N/A	N/A	DMM-2182-CH4(+)	DMM-2182-CH4(-)	DMM-2182-CH4(+-)/ABS	R(+-)-2182-CH4	temp-ch5 (K)	EX. temp-ch5(K)	magnetic Field-ch5 (Oe)	DMM-CH5(+)	DMM-CH5(-)	DMM-CH5(+-)	R(+-)-CH5	temp-ch6 (K)	EX. temp-ch6(K)	magnetic Field-ch6 (Oe)	DMM-CH6(+)	DMM-CH6(-)	DMM-CH6(+-)	R(+-)-CH6	Time(sec)
2.142431E-3	-1.859321E-3	2.000876E-3	4.999834E-4	-5.000540E-4	5.000187E-4	5.034250E+0	0.000000E+0	-9.000000E-3	7.872337E-4	-9.879994E-4	8.876166E-4	1.775167E+0				7.133693E-4	-7.118407E-4	7.126050E-4	1.425157E+0	5.094500E+0	0.000000E+0	-9.000000E-3	7.100578E-4	-7.120751E-4	7.110665E-4	1.422080E+0				0.000000E+0	0.000000E+0	0.000000E+0	0.000000E+0				0.000000E+0	0.000000E+0	0.000000E+0	0.000000E+0				0.000000E+0	0.000000E+0	0.000000E+0	0.000000E+0	9.621342E+1	0.000000E+0	0.000000E+0
2.143764E-3	-1.858256E-3	2.001010E-3	4.999835E-4	-5.000546E-4	5.000191E-4	5.302500E+0	0.000000E+0	-9.000000E-3	7.865245E-4	-9.876422E-4	8.870834E-4	1.774099E+0				7.133228E-4	-7.117878E-4	7.125553E-4	1.425056E+0	5.359250E+0	0.000000E+0	-9.000000E-3	7.105953E-4	-7.116217E-4	7.111085E-4	1.422163E+0				0.000000E+0	0.000000E+0	0.000000E+0	0.000000E+0				0.000000E+0	0.000000E+0	0.000000E+0	0.000000E+0				0.000000E+0	0.000000E+0	0.000000E+0	0.000000E+0	1.278689E+2	0.000000E+0	0.000000E+0
2.143021E-3	-1.855489E-3	1.999255E-3	4.999837E-4	-5.000543E-4	5.000190E-4	5.562700E+0	0.000000E+0	-9.000000E-3	7.868174E-4	-9.882920E-4	8.875547E-4	1.775042E+0				7.118268E-4	-7.109017E-4	7.113643E-4	1.422674E+0	5.620900E+0	0.000000E+0	-9.000000E-3	7.098399E-4	-7.101079E-4	7.099739E-4	1.419894E+0				0.000000E+0	0.000000E+0	0.000000E+0	0.000000E+0				0.000000E+0	0.000000E+0	0.000000E+0	0.000000E+0				0.000000E+0	0.000000E+0	0.000000E+0	0.000000E+0	1.593234E+2	0.000000E+0	0.000000E+0
2.144656E-3	-1.854551E-3	1.999604E-3	4.999837E-4	-5.000544E-4	5.000191E-4	5.823400E+0	0.000000E+0	-9.000000E-3	7.868191E-4	-9.878792E-4	8.873492E-4	1.774631E+0				7.123295E-4	-7.113996E-4	7.118645E-4	1.423675E+0	5.882150E+0	0.000000E+0	-9.000000E-3	7.101594E-4	-7.108195E-4	7.104894E-4	1.420925E+0				0.000000E+0	0.000000E+0	0.000000E+0	0.000000E+0				0.000000E+0	0.000000E+0	0.000000E+0	0.000000E+0				0.000000E+0	0.000000E+0	0.000000E+0	0.000000E+0	1.906639E+2	0.000000E+0	0.000000E+0
2.145654E-3	-1.852963E-3	1.999308E-3	4.999836E-4	-5.000545E-4	5.000191E-4	6.088250E+0	0.000000E+0	-9.000000E-3	7.861498E-4	-9.872708E-4	8.867103E-4	1.773353E+0				7.121862E-4	-7.115978E-4	7.118920E-4	1.423730E+0	6.148500E+0	0.000000E+0	-9.000000E-3	7.101962E-4	-7.106612E-4	7.104287E-4	1.420803E+0				0.000000E+0	0.000000E+0	0.000000E+0	0.000000E+0				0.000000E+0	0.000000E+0	0.000000E+0	0.000000E+0				0.000000E+0	0.000000E+0	0.000000E+0	0.000000E+0	2.225539E+2	0.000000E+0	0.000000E+0
2.146203E-3	-1.852138E-3	1.999170E-3	4.999839E-4	-5.000542E-4	5.000191E-4	6.355100E+0	0.000000E+0	-9.000000E-3	7.868764E-4	-9.875265E-4	8.872014E-4	1.774335E+0				7.127759E-4	-7.104678E-4	7.116219E-4	1.423190E+0	6.413550E+0	0.000000E+0	-9.000000E-3	7.098886E-4	-7.099334E-4	7.099110E-4	1.419768E+0				0.000000E+0	0.000000E+0	0.000000E+0	0.000000E+0				0.000000E+0	0.000000E+0	0.000000E+0	0.000000E+0				0.000000E+0	0.000000E+0	0.000000E+0	0.000000E+0	2.543863E+2	0.000000E+0	0.000000E+0
2.145828E-3	-1.852219E-3	1.999023E-3	4.999837E-4	-5.000543E-4	5.000190E-4	6.618400E+0	0.000000E+0	-9.000000E-3	7.866481E-4	-9.884938E-4	8.875710E-4	1.775074E+0				7.119759E-4	-7.109452E-4	7.114605E-4	1.422867E+0	6.677050E+0	0.000000E+0	-9.000000E-3	7.096548E-4	-7.107174E-4	7.101861E-4	1.420318E+0				0.000000E+0	0.000000E+0	0.000000E+0	0.000000E+0				0.000000E+0	0.000000E+0	0.000000E+0	0.000000E+0				0.000000E+0	0.000000E+0	0.000000E+0	0.000000E+0	2.859839E+2	0.000000E+0	0.000000E+0
2.148675E-3	-1.855616E-3	2.002146E-3	4.999837E-4	-5.000546E-4	5.000192E-4	6.880100E+0	0.000000E+0	-9.000000E-3	7.877907E-4	-9.879321E-4	8.878614E-4	1.775655E+0				7.119157E-4	-7.109091E-4	7.114124E-4	1.422770E+0	6.939200E+0	0.000000E+0	-9.000000E-3	7.103692E-4	-7.100189E-4	7.101940E-4	1.420334E+0				0.000000E+0	0.000000E+0	0.000000E+0	0.000000E+0				0.000000E+0	0.000000E+0	0.000000E+0	0.000000E+0				0.000000E+0	0.000000E+0	0.000000E+0	0.000000E+0	3.173717E+2	0.000000E+0	0.000000E+0
2.152046E-3	-1.861003E-3	2.006524E-3	4.999838E-4	-5.000544E-4	5.000191E-4	7.142000E+0	0.000000E+0	-9.000000E-3	7.938361E-4	-9.967476E-4	8.952919E-4	1.790515E+0				7.115341E-4	-7.116314E-4	7.115827E-4	1.423111E+0	7.203850E+0	0.000000E+0	-9.000000E-3	7.108707E-4	-7.100262E-4	7.104484E-4	1.420843E+0				0.000000E+0	0.000000E+0	0.000000E+0	0.000000E+0				0.000000E+0	0.000000E+0	0.000000E+0	0.000000E+0				0.000000E+0	0.000000E+0	0.000000E+0	0.000000E+0	3.492558E+2	0.000000E+0	0.000000E+0
2.199130E-3	-1.931371E-3	2.065250E-3	4.999837E-4	-5.000547E-4	5.000192E-4	7.409050E+0	0.000000E+0	-9.000000E-3	8.510422E-4	-1.091915E-3	9.714785E-4	1.942882E+0				7.128496E-4	-7.136022E-4	7.132259E-4	1.426397E+0	7.466900E+0	0.000000E+0	-9.000000E-3	7.161035E-4	-7.158468E-4	7.159751E-4	1.431895E+0				0.000000E+0	0.000000E+0	0.000000E+0	0.000000E+0				0.000000E+0	0.000000E+0	0.000000E+0	0.000000E+0				0.000000E+0	0.000000E+0	0.000000E+0	0.000000E+0	3.808704E+2	0.000000E+0	0.000000E+0
3.174273E-3	-4.060898E-3	3.617586E-3	4.999839E-4	-5.000545E-4	5.000192E-4	7.669700E+0	0.000000E+0	-9.000000E-3	2.424497E-3	-4.137452E-3	3.280975E-3	6.561697E+0				7.114095E-4	-7.102832E-4	7.108464E-4	1.421638E+0	7.733550E+0	0.000000E+0	-9.000000E-3	7.124202E-4	-7.116259E-4	7.120230E-4	1.423991E+0				0.000000E+0	0.000000E+0	0.000000E+0	0.000000E+0				0.000000E+0	0.000000E+0	0.000000E+0	0.000000E+0				0.000000E+0	0.000000E+0	0.000000E+0	0.000000E+0	4.124137E+2	0.000000E+0	0.000000E+0
8.594331E-3	-8.302424E-3	8.448377E-3	4.999832E-4	-5.000547E-4	5.000189E-4	7.940250E+0	0.000000E+0	-9.000000E-3	7.194253E-3	-7.395211E-3	7.294732E-3	1.458891E+1				7.116181E-4	-7.110467E-4	7.113324E-4	1.422611E+0	7.996450E+0	0.000000E+0	-9.000000E-3	7.043668E-4	-7.047085E-4	7.045377E-4	1.409022E+0				0.000000E+0	0.000000E+0	0.000000E+0	0.000000E+0				0.000000E+0	0.000000E+0	0.000000E+0	0.000000E+0				0.000000E+0	0.000000E+0	0.000000E+0	0.000000E+0	4.438678E+2	0.000000E+0	0.000000E+0
8.598285E-3	-8.308276E-3	8.453281E-3	4.999833E-4	-5.000544E-4	5.000188E-4	8.199000E+0	0.000000E+0	-9.000000E-3	7.193759E-3	-7.395176E-3	7.294468E-3	1.458839E+1				7.101720E-4	-7.107961E-4	7.104841E-4	1.420915E+0	8.257550E+0	0.000000E+0	-9.000000E-3	7.023222E-4	-7.033601E-4	7.028412E-4	1.405629E+0				0.000000E+0	0.000000E+0	0.000000E+0	0.000000E+0				0.000000E+0	0.000000E+0	0.000000E+0	0.000000E+0				0.000000E+0	0.000000E+0	0.000000E+0	0.000000E+0	4.756175E+2	0.000000E+0	0.000000E+0
8.589966E-3	-8.301041E-3	8.445503E-3	4.999833E-4	-5.000546E-4	5.000189E-4	8.463800E+0	0.000000E+0	-9.000000E-3	7.193537E-3	-7.394982E-3	7.294260E-3	1.458797E+1				7.113940E-4	-7.102899E-4	7.108420E-4	1.421630E+0	8.521650E+0	0.000000E+0	-9.000000E-3	7.027944E-4	-7.024696E-4	7.026320E-4	1.405211E+0				0.000000E+0	0.000000E+0	0.000000E+0	0.000000E+0				0.000000E+0	0.000000E+0	0.000000E+0	0.000000E+0				0.000000E+0	0.000000E+0	0.000000E+0	0.000000E+0	5.073638E+2	0.000000E+0	0.000000E+0
8.589820E-3	-8.301646E-3	8.445733E-3	4.999836E-4	-5.000546E-4	5.000191E-4	8.726050E+0	0.000000E+0	-9.000000E-3	7.192468E-3	-7.394920E-3	7.293694E-3	1.458683E+1				7.118762E-4	-7.103010E-4	7.110886E-4	1.422123E+0	8.786200E+0	0.000000E+0	-9.000000E-3	4.061172E-2	-4.066265E-2	4.063719E-2	8.127127E+1				0.000000E+0	0.000000E+0	0.000000E+0	0.000000E+0				0.000000E+0	0.000000E+0	0.000000E+0	0.000000E+0				0.000000E+0	0.000000E+0	0.000000E+0	0.000000E+0	5.390314E+2	0.000000E+0	0.000000E+0
8.594438E-3	-8.305332E-3	8.449885E-3	4.999840E-4	-5.000549E-4	5.000194E-4	8.988750E+0	0.000000E+0	-9.000000E-3	7.192440E-3	-7.394283E-3	7.293362E-3	1.458616E+1				6.496593E-3	-6.604246E-3	6.550419E-3	1.310033E+1	9.045600E+0	0.000000E+0	-9.000000E-3	4.071769E-2	-4.072537E-2	4.072153E-2	8.143989E+1				0.000000E+0	0.000000E+0	0.000000E+0	0.000000E+0				0.000000E+0	0.000000E+0	0.000000E+0	0.000000E+0				0.000000E+0	0.000000E+0	0.000000E+0	0.000000E+0	5.705401E+2	0.000000E+0	0.000000E+0
8.592983E-3	-8.303374E-3	8.448179E-3	4.999836E-4	-5.000547E-4	5.000192E-4	9.250150E+0	0.000000E+0	-9.000000E-3	7.192878E-3	-7.395752E-3	7.294315E-3	1.458807E+1				6.610646E-3	-6.609633E-3	6.610140E-3	1.321977E+1	9.310550E+0	0.000000E+0	-9.000000E-3	4.073270E-2	-4.073746E-2	4.073508E-2	8.146704E+1				0.000000E+0	0.000000E+0	0.000000E+0	0.000000E+0				0.000000E+0	0.000000E+0	0.000000E+0	0.000000E+0				0.000000E+0	0.000000E+0	0.000000E+0	0.000000E+0	6.020705E+2	0.000000E+0	0.000000E+0
8.592005E-3	-8.302672E-3	8.447339E-3	4.999837E-4	-5.000551E-4	5.000194E-4	9.516900E+0	0.000000E+0	-9.000000E-3	7.192739E-3	-7.396063E-3	7.294401E-3	1.458824E+1				6.611123E-3	-6.610458E-3	6.610790E-3	1.322107E+1	9.576200E+0	0.000000E+0	-9.000000E-3	4.074050E-2	-4.074557E-2	4.074303E-2	8.148291E+1				0.000000E+0	0.000000E+0	0.000000E+0	0.000000E+0				0.000000E+0	0.000000E+0	0.000000E+0	0.000000E+0				0.000000E+0	0.000000E+0	0.000000E+0	0.000000E+0	6.339322E+2	0.000000E+0	0.000000E+0
