
Resistance temp-continupus-scan only SMU only (+-)average

SMU-V(+)	SMU-V(-)	SMU-V(+-)/ABS	SMU-I(+)	SMU-I(-)	SMU-I(+-)/ABS	temp-ch1 (K)	EX. temp-ch1(K)	magnetic Field-ch1 (Oe)	2700-CH1(+)	2700-CH1(-)	2700-CH1(+-)	R(+-)-2700-CH1	N/A	N/A	N/A	DMM-2182-CH1(+)	DMM-2182-CH1(-)	DMM-2182-CH1(+-)/ABS	R(+-)-2182-CH1	temp-ch3 (K)	EX. temp-ch3(K)	magnetic Field-ch3 (Oe)	2700-CH3(+)	2700-CH3(-)	2700-CH3(+-)	R(+-)-2700-CH3	N/A	N/A	N/A	DMM-2182-CH4(+)	DMM-2182-CH4(-)	DMM-2182-CH4(+-)/ABS	R(+-)-2182-CH4	temp-ch5 (K)	EX. temp-ch5(K)	magnetic Field-ch5 (Oe)	DMM-CH5(+)	DMM-CH5(-)	DMM-CH5(+-)	R(+-)-CH5	temp-ch6 (K)	EX. temp-ch6(K)	magnetic Field-ch6 (Oe)	DMM-CH6(+)	DMM-CH6(-)	DMM-CH6(+-)	R(+-)-CH6	Time(sec)
8.576182E-3	-8.293401E-3	8.434792E-3	4.999831E-4	-5.000539E-4	5.000185E-4	8.702400E+0	0.000000E+0	-1.090000E-1	7.186029E-3	-7.386957E-3	7.286493E-3	1.457245E+1				7.083608E-4	-7.070454E-4	7.077031E-4	1.415354E+0	8.705500E+0	0.000000E+0	-1.090000E-1	6.984124E-4	-6.982845E-4	6.983484E-4	1.396645E+0				0.000000E+0	0.000000E+0	0.000000E+0	0.000000E+0				0.000000E+0	0.000000E+0	0.000000E+0	0.000000E+0				0.000000E+0	0.000000E+0	0.000000E+0	0.000000E+0	1.135734E+2	0.000000E+0	0.000000E+0
8.579797E-3	-8.295729E-3	8.437763E-3	4.999831E-4	-5.000543E-4	5.000187E-4	8.715550E+0	0.000000E+0	-1.090000E-1	7.185976E-3	-7.387186E-3	7.286581E-3	1.457262E+1				7.084620E-4	-7.078989E-4	7.081804E-4	1.416308E+0	8.718250E+0	0.000000E+0	-1.090000E-1	6.975352E-4	-6.971201E-4	6.973277E-4	1.394603E+0				0.000000E+0	0.000000E+0	0.000000E+0	0.000000E+0				0.000000E+0	0.000000E+0	0.000000E+0	0.000000E+0				0.000000E+0	0.000000E+0	0.000000E+0	0.000000E+0	1.508943E+2	0.000000E+0	0.000000E+0
8.574257E-3	-8.287469E-3	8.430863E-3	4.999835E-4	-5.000543E-4	5.000189E-4	8.726850E+0	0.000000E+0	-1.090000E-1	7.186356E-3	-7.386976E-3	7.286666E-3	1.457278E+1				7.087975E-4	-7.069800E-4	7.078888E-4	1.415724E+0	8.731300E+0	0.000000E+0	-1.090000E-1	6.982652E-4	-6.978360E-4	6.980506E-4	1.396048E+0				0.000000E+0	0.000000E+0	0.000000E+0	0.000000E+0				0.000000E+0	0.000000E+0	0.000000E+0	0.000000E+0				0.000000E+0	0.000000E+0	0.000000E+0	0.000000E+0	1.882857E+2	0.000000E+0	0.000000E+0
8.574677E-3	-8.286576E-3	8.430626E-3	4.999829E-4	-5.000545E-4	5.000187E-4	8.740500E+0	0.000000E+0	-1.090000E-1	7.187096E-3	-7.387244E-3	7.287170E-3	1.457379E+1				7.084033E-4	-7.069863E-4	7.076948E-4	1.415337E+0	8.743350E+0	0.000000E+0	-1.090000E-1	6.987016E-4	-6.984159E-4	6.985588E-4	1.397065E+0				0.000000E+0	0.000000E+0	0.000000E+0	0.000000E+0				0.000000E+0	0.000000E+0	0.000000E+0	0.000000E+0				0.000000E+0	0.000000E+0	0.000000E+0	0.000000E+0	2.253655E+2	0.000000E+0	0.000000E+0
8.574998E-3	-8.285942E-3	8.430470E-3	4.999831E-4	-5.000544E-4	5.000188E-4	8.751900E+0	0.000000E+0	-1.090000E-1	7.186772E-3	-7.387625E-3	7.287198E-3	1.457385E+1				7.090255E-4	-7.065526E-4	7.077891E-4	1.415525E+0	8.756100E+0	0.000000E+0	-1.090000E-1	1.125840E-3	-1.417575E-3	1.271707E-3	2.543320E+0				0.000000E+0	0.000000E+0	0.000000E+0	0.000000E+0				0.000000E+0	0.000000E+0	0.000000E+0	0.000000E+0				0.000000E+0	0.000000E+0	0.000000E+0	0.000000E+0	2.623270E+2	0.000000E+0	0.000000E+0
8.576167E-3	-8.285726E-3	8.430947E-3	4.999833E-4	-5.000543E-4	5.000188E-4	8.765450E+0	0.000000E+0	-1.090000E-1	7.186599E-3	-7.386059E-3	7.286329E-3	1.457211E+1				7.090371E-4	-7.071252E-4	7.080812E-4	1.416109E+0	8.767800E+0	0.000000E+0	-1.090000E-1	3.585960E-2	-3.809076E-2	3.697518E-2	7.394758E+1				0.000000E+0	0.000000E+0	0.000000E+0	0.000000E+0				0.000000E+0	0.000000E+0	0.000000E+0	0.000000E+0				0.000000E+0	0.000000E+0	0.000000E+0	0.000000E+0	2.995235E+2	0.000000E+0	0.000000E+0
8.580295E-3	-8.289426E-3	8.434861E-3	4.999830E-4	-5.000546E-4	5.000188E-4	8.778000E+0	0.000000E+0	-1.090000E-1	7.186295E-3	-7.387784E-3	7.287039E-3	1.457353E+1				7.085186E-4	-7.063315E-4	7.074250E-4	1.414797E+0	8.781100E+0	0.000000E+0	-1.090000E-1	4.021180E-2	-4.026460E-2	4.023820E-2	8.047337E+1				0.000000E+0	0.000000E+0	0.000000E+0	0.000000E+0				0.000000E+0	0.000000E+0	0.000000E+0	0.000000E+0				0.000000E+0	0.000000E+0	0.000000E+0	0.000000E+0	3.367644E+2	0.000000E+0	0.000000E+0
8.576677E-3	-8.286807E-3	8.431742E-3	4.999834E-4	-5.000545E-4	5.000189E-4	8.790050E+0	0.000000E+0	-1.090000E-1	7.187588E-3	-7.388406E-3	7.287997E-3	1.457544E+1				7.084701E-4	-7.067972E-4	7.076337E-4	1.415214E+0	8.793200E+0	0.000000E+0	-1.090000E-1	4.048085E-2	-4.050532E-2	4.049309E-2	8.098311E+1				0.000000E+0	0.000000E+0	0.000000E+0	0.000000E+0				0.000000E+0	0.000000E+0	0.000000E+0	0.000000E+0				0.000000E+0	0.000000E+0	0.000000E+0	0.000000E+0	3.744950E+2	0.000000E+0	0.000000E+0
8.575110E-3	-8.285795E-3	8.430453E-3	4.999834E-4	-5.000549E-4	5.000192E-4	8.802400E+0	0.000000E+0	-1.090000E-1	7.187247E-3	-7.387364E-3	7.287306E-3	1.457405E+1				7.082840E-4	-7.063069E-4	7.072955E-4	1.414537E+0	8.806300E+0	0.000000E+0	-1.090000E-1	4.057220E-2	-4.058217E-2	4.057719E-2	8.115126E+1				0.000000E+0	0.000000E+0	0.000000E+0	0.000000E+0				0.000000E+0	0.000000E+0	0.000000E+0	0.000000E+0				0.000000E+0	0.000000E+0	0.000000E+0	0.000000E+0	4.118182E+2	0.000000E+0	0.000000E+0
8.577057E-3	-8.286130E-3	8.431594E-3	4.999831E-4	-5.000549E-4	5.000190E-4	8.815200E+0	0.000000E+0	-1.090000E-1	7.185951E-3	-7.387905E-3	7.286928E-3	1.457330E+1				7.090251E-4	-7.056021E-4	7.073136E-4	1.414573E+0	8.818950E+0	0.000000E+0	-1.090000E-1	4.061378E-2	-4.062227E-2	4.061802E-2	8.123296E+1				0.000000E+0	0.000000E+0	0.000000E+0	0.000000E+0				0.000000E+0	0.000000E+0	0.000000E+0	0.000000E+0				0.000000E+0	0.000000E+0	0.000000E+0	0.000000E+0	4.489375E+2	0.000000E+0	0.000000E+0
8.581454E-3	-8.289747E-3	8.435601E-3	4.999836E-4	-5.000549E-4	5.000192E-4	8.828500E+0	0.000000E+0	-1.090000E-1	7.186598E-3	-7.387309E-3	7.286954E-3	1.457335E+1				7.086913E-4	-7.057827E-4	7.072370E-4	1.414419E+0	8.830550E+0	0.000000E+0	-1.090000E-1	4.063906E-2	-4.064538E-2	4.064222E-2	8.128131E+1				0.000000E+0	0.000000E+0	0.000000E+0	0.000000E+0				0.000000E+0	0.000000E+0	0.000000E+0	0.000000E+0				0.000000E+0	0.000000E+0	0.000000E+0	0.000000E+0	4.864007E+2	0.000000E+0	0.000000E+0
8.578914E-3	-8.286478E-3	8.432696E-3	4.999835E-4	-5.000550E-4	5.000193E-4	8.840400E+0	0.000000E+0	-1.090000E-1	7.186465E-3	-7.387979E-3	7.287222E-3	1.457388E+1				7.093370E-4	-7.062049E-4	7.077709E-4	1.415487E+0	8.842700E+0	0.000000E+0	-1.090000E-1	4.065317E-2	-4.065892E-2	4.065604E-2	8.130896E+1				0.000000E+0	0.000000E+0	0.000000E+0	0.000000E+0				0.000000E+0	0.000000E+0	0.000000E+0	0.000000E+0				0.000000E+0	0.000000E+0	0.000000E+0	0.000000E+0	5.239174E+2	0.000000E+0	0.000000E+0
