
Resistance temp-continupus-scan only SMU only (+-)average

SMU-V(+)	SMU-V(-)	SMU-V(+-)/ABS	SMU-I(+)	SMU-I(-)	SMU-I(+-)/ABS	temp-ch1 (K)	EX. temp-ch1(K)	magnetic Field-ch1 (Oe)	2700-CH1(+)	2700-CH1(-)	2700-CH1(+-)	R(+-)-2700-CH1	N/A	N/A	N/A	DMM-2182-CH1(+)	DMM-2182-CH1(-)	DMM-2182-CH1(+-)/ABS	R(+-)-2182-CH1	temp-ch3 (K)	EX. temp-ch3(K)	magnetic Field-ch3 (Oe)	2700-CH3(+)	2700-CH3(-)	2700-CH3(+-)	R(+-)-2700-CH3	N/A	N/A	N/A	DMM-2182-CH4(+)	DMM-2182-CH4(-)	DMM-2182-CH4(+-)/ABS	R(+-)-2182-CH4	temp-ch5 (K)	EX. temp-ch5(K)	magnetic Field-ch5 (Oe)	DMM-CH5(+)	DMM-CH5(-)	DMM-CH5(+-)	R(+-)-CH5	temp-ch6 (K)	EX. temp-ch6(K)	magnetic Field-ch6 (Oe)	DMM-CH6(+)	DMM-CH6(-)	DMM-CH6(+-)	R(+-)-CH6	Time(sec)
9.999458E+0	-1.000103E+1	1.000024E+1	1.112948E-10	5.656805E-10	-2.271928E-10	7.507850E+0	0.000000E+0	-1.090000E-1	-1.008321E-4	-1.016983E-4	4.331000E-7	-1.906310E+3				-2.613601E-7	-6.264172E-7	1.825285E-7	-8.034078E+2	7.521150E+0	0.000000E+0	-1.090000E-1	-1.116496E-6	-5.200613E-7	-2.982174E-7	1.312618E+3				0.000000E+0	0.000000E+0	0.000000E+0	0.000000E+0				0.000000E+0	0.000000E+0	0.000000E+0	0.000000E+0				0.000000E+0	0.000000E+0	0.000000E+0	0.000000E+0	9.182039E+1	0.000000E+0	0.000000E+0
9.999468E+0	-1.000103E+1	1.000025E+1	6.492172E-10	3.986170E-10	1.253001E-10	7.547700E+0	0.000000E+0	-1.090000E-1	-1.004126E-4	-1.012143E-4	4.008640E-7	3.199231E+3				-4.057151E-7	-8.062839E-7	2.002844E-7	1.598438E+3	7.559850E+0	0.000000E+0	-1.090000E-1	-1.438648E-6	-1.320772E-6	-5.893820E-8	-4.703763E+2				0.000000E+0	0.000000E+0	0.000000E+0	0.000000E+0				0.000000E+0	0.000000E+0	0.000000E+0	0.000000E+0				0.000000E+0	0.000000E+0	0.000000E+0	0.000000E+0	1.146425E+2	0.000000E+0	0.000000E+0
9.999465E+0	-1.000103E+1	1.000025E+1	-2.317790E-12	-2.696222E-10	1.336522E-10	7.586000E+0	0.000000E+0	-1.090000E-1	-1.003231E-4	-1.004780E-4	7.746000E-8	5.795640E+2				5.199226E-7	4.235421E-7	4.819024E-8	3.605645E+2	7.596850E+0	0.000000E+0	-1.090000E-1	-1.281314E-6	-6.859164E-7	-2.976987E-7	-2.227413E+3				0.000000E+0	0.000000E+0	0.000000E+0	0.000000E+0				0.000000E+0	0.000000E+0	0.000000E+0	0.000000E+0				0.000000E+0	0.000000E+0	0.000000E+0	0.000000E+0	1.370570E+2	0.000000E+0	0.000000E+0
9.999468E+0	-1.000103E+1	1.000025E+1	1.179572E-10	-3.999333E-10	2.589453E-10	7.622850E+0	0.000000E+0	-1.090000E-1	-1.002872E-4	-1.005030E-4	1.079040E-7	4.167058E+2				5.319593E-7	-6.499786E-7	5.909689E-7	2.282216E+3	7.635000E+0	0.000000E+0	-1.090000E-1	-1.377260E-6	-8.472948E-7	-2.649827E-7	-1.023316E+3				0.000000E+0	0.000000E+0	0.000000E+0	0.000000E+0				0.000000E+0	0.000000E+0	0.000000E+0	0.000000E+0				0.000000E+0	0.000000E+0	0.000000E+0	0.000000E+0	1.596939E+2	0.000000E+0	0.000000E+0
9.999461E+0	-1.000103E+1	1.000025E+1	7.452172E-11	-6.916245E-11	7.184209E-11	7.660850E+0	0.000000E+0	-1.090000E-1	-1.013223E-4	-1.004430E-4	-4.396040E-7	-6.119032E+3				3.636119E-7	-2.263646E-7	2.949882E-7	4.106064E+3	7.671450E+0	0.000000E+0	-1.090000E-1	-7.148892E-7	-2.150973E-6	7.180417E-7	9.994723E+3				0.000000E+0	0.000000E+0	0.000000E+0	0.000000E+0				0.000000E+0	0.000000E+0	0.000000E+0	0.000000E+0				0.000000E+0	0.000000E+0	0.000000E+0	0.000000E+0	1.821153E+2	0.000000E+0	0.000000E+0
9.999471E+0	-1.000103E+1	1.000025E+1	-2.529131E-10	-1.961279E-10	-2.839260E-11	7.697300E+0	0.000000E+0	-1.090000E-1	-1.005508E-4	-1.016158E-4	5.324560E-7	-1.875334E+4				-4.099502E-8	3.641284E-7	-2.025617E-7	7.134314E+3	7.709050E+0	0.000000E+0	-1.090000E-1	-7.513436E-7	-6.578861E-7	-4.672870E-8	1.645806E+3				0.000000E+0	0.000000E+0	0.000000E+0	0.000000E+0				0.000000E+0	0.000000E+0	0.000000E+0	0.000000E+0				0.000000E+0	0.000000E+0	0.000000E+0	0.000000E+0	2.047300E+2	0.000000E+0	0.000000E+0
9.999466E+0	-1.000103E+1	1.000025E+1	1.003642E-12	8.786429E-11	-4.343032E-11	7.734900E+0	0.000000E+0	-1.090000E-1	-1.007886E-4	-1.009565E-4	8.392800E-8	-1.932475E+3				3.884906E-9	-2.803622E-7	1.421236E-7	-3.272450E+3	7.747800E+0	0.000000E+0	-1.090000E-1	-1.057082E-6	-9.246732E-7	-6.620463E-8	1.524387E+3				0.000000E+0	0.000000E+0	0.000000E+0	0.000000E+0				0.000000E+0	0.000000E+0	0.000000E+0	0.000000E+0				0.000000E+0	0.000000E+0	0.000000E+0	0.000000E+0	2.272212E+2	0.000000E+0	0.000000E+0
9.999457E+0	-1.000103E+1	1.000024E+1	1.112579E-10	4.776766E-11	3.174512E-11	7.773850E+0	0.000000E+0	-1.090000E-1	-1.004250E-4	-1.012773E-4	4.261120E-7	1.342291E+4				-1.009212E-7	-3.102787E-7	1.046787E-7	3.297475E+3	7.785850E+0	0.000000E+0	-1.090000E-1	-4.006411E-7	-9.191731E-7	2.592660E-7	8.167114E+3				0.000000E+0	0.000000E+0	0.000000E+0	0.000000E+0				0.000000E+0	0.000000E+0	0.000000E+0	0.000000E+0				0.000000E+0	0.000000E+0	0.000000E+0	0.000000E+0	2.499462E+2	0.000000E+0	0.000000E+0
9.999472E+0	-1.000104E+1	1.000026E+1	3.317801E-10	1.101448E-11	1.603828E-10	7.810850E+0	0.000000E+0	-1.090000E-1	-1.004731E-4	-1.011356E-4	3.312400E-7	2.065309E+3				5.430593E-9	1.552926E-7	-7.493099E-8	-4.672009E+2	7.822050E+0	0.000000E+0	-1.090000E-1	-6.639102E-7	-5.131014E-7	-7.540438E-8	-4.701525E+2				0.000000E+0	0.000000E+0	0.000000E+0	0.000000E+0				0.000000E+0	0.000000E+0	0.000000E+0	0.000000E+0				0.000000E+0	0.000000E+0	0.000000E+0	0.000000E+0	2.723595E+2	0.000000E+0	0.000000E+0
